28970
14369
15892
5128
29288
17487
24732
6491
32340
29717
17467
20605
10133
28236
29939
28839
30940
25460
24917
7892
8884
12611
28514
3075
6805
2627
24764
17068
16421
32454
29496
22899
773
13122
19110
31224
32082
12957
9256
22312
1164
8639
6945
20265
21538
9257
25445
2431
10948
49
19431
27327
31968
985
8402
13248
15521
21028
7052
4812
10545
6952
31435
20997
7361
20457
7301
9942
27239
9633
1808
29376
2687
12947
13965
1715
5614
6515
16186
11899
26172
5816
25824
29371
6677
22027
11105
7218
15204
15497
7119
5113
21991
20280
1348
16609
29352
2983
24626
31408
9842
27482
11932
6332
12026
24900
15155
479
31755
27419
29953
30856
30650
20250
21743
9759
27155
20789
15855
9648
29352
4506
8313
32374
17318
24761
21850
9064
4100
9202
9134
9614
30675
26729
14697
21402
11118
30807
1385
467
32715
12700
24003
10724
17411
31521
11404
31494
20867
2340
250
20300
3633
10016
23150
19378
26966
30914
20107
13596
16830
4559
19219
15624
7458
26541
10238
13672
9880
30149
1481
15278
2905
30867
3996
32697
721
25074
10396
21489
6290
7086
20285
12401
11356
21544
6439
17382
3601
27490
5566
4414
8454
9581
9527
29166
3019
2531
25973
8534
10015
20118
15825
13870
8287
22118
20065
9161
6507
11181
5902
1382
31122
28766
3672
4737
8384
1187
5966
11194
16315
7997
20959
29806
15847
16837
8268
26084
20143
21829
28694
13664
9778
21127
23684
18252
7847
9186
7234
15871
5454
27916
23422
31628
20381
6155
10085
10872
22223
27904
26468
4578
27047
5424
3206
7763
27124
14394
7807
8450
1223
25902
8699
21483
16940
12200
31496
12767
10934
21465
27233
9755
18119
21252
5077
32724
25906
19577
8096
29322
21617
24021
93
15549
2872
4075
12941
21293
8927
17466
27290
10099
32702
14776
6571
19811
4399
5626
31044
25401
13425
27332
27007
13646
31636
28260
23780
7826
25300
4093
20742
9158
23725
14203
27198
14331
3706
23448
13498
32128
7449
9951
19618
12058
667
10073
17083
10716
5064
31506
31367
20682
7607
5733
31373
14294
22917
8056
14090
11418
23981
27929
17138
20399
12862
32169
2756
565
16074
13687
18522
28596
28279
25228
15992
29997
8274
26247
32373
4790
18316
32183
545
30142
265
25952
16217
32422
22813
8611
2771
27883
1581
22048
8894
6628
31292
2846
4603
23183
24433
21372
18400
17835
22738
5775
16502
13270
14964
17240
27760
23605
22974
27011
12291
28830
6178
7910
19238
4352
24623
14085
19858
22086
30374
9426
23654
4540
16057
25910
1765
11871
25160
3063
13192
26220
13473
31424
19988
14293
8131
27934
21297
12074
31205
23171
7528
16624
17053
14920
29518
32275
31871
29720
17930
30926
8695
14843
21283
11237
4447
12182
29720
9924
15955
7465
20980
9662
31646
31523
29319
5661
19161
26124
10446
21132
19575
214
22889
9429
11409
30369
16358
20133
15973
11090
28937
946
25116
15643
14863
23560
19984
16321
13406
22090
26211
5356
28879
1479
29540
29575
32093
375
16581
4818
15245
5403
32109
1100
1447
5803
5428
4724
31831
5802
13161
30911
1543
27323
9949
31740
3268
20071
32139
20669
24401
1674
24507
22608
17772
6320
30737
2853
22304
16415
4012
27199
31363
22272
29426
2059
4835
27310
13689
9030
26628
9955
228
28077
7111
11264
17509
27226
10234
16761
22538
22197
22019
9673
30887
19262
28005
576
26339
12349
30199
16744
28006
17634
24118
13166
8179
20008
7587
3224
18096
3401
1767
24198
7843
23614
27898
13689
25061
16766
556
32657
26586
29332
28568
21657
7971
6164
3899
6529
10459
13248
29251
21336
30246
19622
28984
19005
30411
31566
27344
23865
10536
6895
4656
7385
12673
17170
15580
27297
2100
16351
1071
30841
19464
1451
17896
4987
22391
5956
6904
10845
23898
1253
15171
30794
2832
3191
30928
10641
31709
31322
1114
12327
10957
13461
2282
21201
1552
22754
23508
18971
20589
2244
477
31509
6903
25929
8733
4217
21211
22266
10955
22333
9413
3280
27566
23694
20703
8158
15761
22388
30774
32761
30158
26956
28102
14366
24723
13494
11054
14372
19477
13131
12947
9185
21165
3841
25861
11875
2389
5322
9748
17081
943
6830
2848
10797
15962
27656
20099
676
29692
31612
19501
11854
10500
14996
28446
28818
21958
3007
11437
10918
1598
19454
29741
7419
2647
28206
22314
14640
26948
4725
8209
27384
13826
26873
4787
19671
8919
2001
11204
112
17703
10342
25090
22668
25267
391
11608
11713
23761
10162
28146
5426
24054
1537
14057
17283
20848
7822
32151
11466
25807
20969
16532
27846
24109
29132
24229
12655
29199
23509
4061
17510
30547
17846
16512
26265
24343
17638
28437
31713
12893
28809
9362
812
1688
17609
10041
2619
24081
11171
9816
13003
16561
16293
20169
31081
1343
468
32161
15620
17133
21624
8224
2253
13971
6490
15769
22704
3728
21076
10679
31535
3080
6157
29427
21042
14272
8974
19189
1747
3182
45
25582
19188
28693
22996
4077
32253
8590
1116
21620
30893
24306
13360
7827
26277
32104
29000
20746
27387
29246
31724
2042
22416
26889
27511
8944
32192
29182
22637
28668
4487
6014
24513
12282
16068
16703
15854
7653
27413
14170
9460
10410
11566
22238
18728
10388
17746
7525
27936
1788
22843
6316
30184
4251
24619
720
17683
113
2761
25451
16136
15057
1221
29076
113
11730
13600
10785
22100
24041
7259
6505
4363
19249
7828
14154
17121
5493
27187
26569
26571
4765
16991
14946
21567
27888
16148
23967
7642
21521
4956
27721
31012
21822
7369
15624
17507
3369
26095
13572
10233
5917
24621
18856
22927
25340
26582
23884
10190
29982
10310
30246
280
200
11308
30350
10307
20371
20704
31032
16152
32191
29248
17322
14031
15601
30524
25804
4986
3239
28089
3363
16377
10545
8004
31181
29840
22428
30329
27415
27386
11950
12233
4861
18271
2721
9944
12194
15939
31478
7246
8559
5131
12123
3742
15369
7029
12831
13015
21783
21741
7315
16714
11087
16702
25348
9292
11254
24287
23524
9769
23704
8610
16150
32216
16989
292
2100
4268
2036
31531
26636
27106
24271
7037
18259
18320
10220
17292
17954
12034
21498
2288
8553
16721
8841
4638
31044
905
29509
23982
6284
31838
15384
22744
6081
27661
27269
5808
794
31139
32346
23077
3299
31623
1856
31085
19276
32722
24198
27180
2586
27506
31241
588
22147
28158
3241
10749
7436
8822
21641
24621
30408
1020
30426
2852
7469
24610
7303
7094
26897
9997
10964
2614
17224
25649
28314
10410
697
18775
24662
11956
23947
1996
19193
16388
20657
15013
5881
32488
12928
24419
18134
305
2803
18669
20928
13857
17805
7056
31966
30962
24229
14121
6943
11230
20327
32630
14164
19569
12670
12526
7111
31332
23810
25410
28218
26357
8414
349
11991
4927
10105
22809
21541
10442
7975
29644
32229
4128
22380
11050
19484
13768
12746
25803
20321
11965
1640
2360
17176
8723
29332
10720
20940
1542
28847
23608
1953
23412
5807
5790
20052
9031
27159
22135
23036
19949
24031
1404
19777
24006
18506
30407
3965
25060
27772
27386
22208
20270
5391
21817
17257
4750
12964
6545
6792
32640
31496
12252
12285
31469
8994
31970
26837
29400
32621
19985
27140
22542
7322
12999
1863
26539
15163
28892
22927
7902
1892
2191
3080
13290
26209
9928
27202
25652
19111
799
2536
20358
10090
31182
3523
30087
23342
14411
30644
15092
14873
3539
19121
8387
18038
24583
23939
4097
8074
26137
13008
18896
15472
9173
29254
11171
10815
10327
15030
3142
14986
21250
29762
32555
22708
21437
3489
18367
6759
16951
9949
14184
4327
671
6108
5472
26324
15550
68
2087
28503
27921
8781
17668
31099
3625
12655
2731
31751
800
31118
8342
971
19120
21246
15754
14320
5380
15144
21516
17813
7401
8559
21617
5488
8174
871
30876
21496
32568
21291
9814
3642
30162
22082
24968
29419
26524
13045
10384
10552
5826
15852
26917
9240
3127
18729
1374
25320
12877
14699
7295
11615
1833
32350
31829
2747
26479
13786
17454
31140
16430
16862
23353
18395
31115
27835
26837
22092
8851
24180
32187
6152
20710
8680
4553
12275
17887
18463
25259
15057
15666
23448
7263
4322
20445
19730
1292
7132
4267
20232
10861
17344
30306
13463
18323
28318
18985
23605
18026
7414
10082
30281
24853
19985
9432
4916
31682
3406
32203
21543
22616
21217
989
23967
16845
16471
18866
16901
15828
12951
20635
1706
14321
10482
4673
9425
29143
6713
504
31803
20849
32423
6130
5172
26016
5864
9005
17336
12136
20014
32154
26900
26064
32503
20642
15569
1892
24494
24245
871
7388
28156
16724
27902
5427
21827
14721
20958
7122
1625
4928
11785
13916
1070
13151
17913
22556
19136
12639
14900
28093
11080
24069
32484
11429
567
18857
12410
11731
18741
17400
5560
3294
14600
27040
19309
26667
29886
8901
5521
14399
4415
30699
9512
134
14842
22933
18945
23719
13577
24943
736
25113
7845
12928
11873
13866
23974
28804
17034
5512
4142
19757
26734
23233
327
25761
9511
22004
7695
4411
22738
116
23138
289
20499
17360
717
12023
27639
11354
6929
27015
10
29633
7739
21720
30144
22809
16087
16855
2097
14404
9081
24649
661
17210
3441
10605
22465
9322
23844
28728
10316
10743
274
18150
24788
26183
2636
24565
363
29418
25252
15252
23226
14220
30359
20694
7491
16177
3708
29938
31353
17092
4141
2342
20327
8296
29709
29361
23516
31685
24012
3809
26879
15397
785
14273
30117
2496
22439
1208
1646
19531
22699
15595
4944
385
17782
28637
15317
2772
7951
23414
28402
20061
25661
11549
2807
14201
12815
18003
9662
18499
13913
31680
11500
1488
15157
18515
24975
5494
60
9398
23095
25164
6094
7657
12831
5753
5220
25740
23471
7338
31599
24817
12361
15005
12564
24237
20167
9798
24953
7439
9716
15296
21054
110
10156
13021
16
17152
5388
24496
31275
23130
7106
10808
3857
20879
6167
32187
4962
5723
16119
31037
21890
10881
14058
9960
11830
20759
15984
28916
4091
10772
27124
28504
31917
15659
17172
487
25219
14215
9890
30556
3846
5795
9835
17016
10358
9511
28507
29346
29567
3388
17498
20129
5331
22128
418
3101
31714
27643
21566
12184
13713
17069
23740
9483
2880
25733
21462
6619
3178
2727
31626
3506
28257
1215
11923
28720
3997
30689
15340
30264
24960
32062
27572
6666
1329
23514
3644
30258
1459
32513
19919
23504
19238
26071
10096
10581
10379
5876
28192
32670
16177
9662
4174
32718
24702
3507
32319
15589
6244
4724
3132
216
8314
29225
31404
28016
9553
2632
29219
24026
1334
5490
14519
15977
307
25577
12796
21717
16073
24183
23097
11178
29311
18025
24931
93
6377
31730
20921
13330
17797
7867
18902
21450
17520
6946
16726
21813
5489
10576
4868
8731
9370
27093
7964
31994
5724
9776
17332
11756
629
19005
10536
16297
4815
28194
29648
24874
10517
16134
21548
16595
28473
16219
10754
27374
3325
13892
32461
23993
9712
14394
32617
8695
16706
31130
21591
18315
19991
5774
17397
10841
7402
10811
26953
23582
24590
29155
32205
31954
4863
20266
15433
11137
2521
18270
15959
3663
24552
7241
26078
14598
1527
19866
26460
30214
20078
14513
24982
9773
1860
10012
6851
4317
30471
27348
31482
5631
27715
10693
12127
16472
31696
12521
2274
14159
3189
4565
9580
969
25549
27682
16796
1127
4624
5876
13577
18972
22487
25899
4732
26268
29393
31178
12646
31449
9165
4212
1332
3158
14891
16541
6909
21699
32377
6342
23950
24557
30591
31094
23400
24745
15033
22175
14857
11789
17103
30809
17751
22243
9293
31454
8636
10727
27228
10241
4883
30192
27387
21297
2597
7651
31700
9122
15915
26824
7766
11984
32585
14123
31594
28737
10929
31568
23752
2567
14513
31406
15210
19468
16528
31615
30813
18179
1471
4612
26318
10812
11651
17829
29622
23149
7135
16057
28998
4616
10784
6756
22984
29262
28944
25233
16192
14107
15487
31948
4813
15805
27980
11046
30815
16923
4862
30508
30955
7124
23873
3959
5888
24496
12697
17658
3874
6262
12523
28130
26397
19617
19551
121
23776
15705
12423
14599
18251
13678
18820
4733
4328
24030
29280
16914
7698
24580
1417
17118
11737
9261
31730
20210
5717
13800
5117
26643
8965
17951
6383
19195
21803
25982
22365
21621
21493
26746
4754
113
31669
28877
27273
16306
12587
22243
4570
26997
26474
8276
30297
2788
9371
22317
5910
18162
17250
28773
11713
24021
13415
32364
4428
19413
7447
12176
19230
15342
24135
3662
16377
19276
20258
9360
2321
20300
20027
318
10678
30809
13429
12869
12662
18562
13030
3034
4643
25954
13958
4159
31998
20869
4658
31273
31165
4632
26876
20037
7639
12867
8355
28452
21003
30295
1367
31093
28657
25949
15856
11516
12443
6251
14600
22883
26983
31640
22852
11445
27492
23864
22672
23492
1396
19562
8144
27533
10495
24797
10768
25899
1161
4666
30716
29856
3897
17963
6612
23877
31739
12488
27632
19813
23163
2970
19292
27941
20436
1085
17853
2920
18583
5146
6493
1563
20779
14184
16334
31191
24931
12885
14137
26509
23463
16290
19473
21846
18356
9438
18039
31338
27799
15582
5206
17565
23860
4542
21167
30866
20003
7265
30317
21596
9103
12276
18036
30428
4370
31911
24187
23797
25977
28004
2998
2070
12213
28916
521
22638
21014
32674
10782
20376
21605
25346
7756
20287
21807
28208
21991
31202
24090
29035
31790
8800
5840
17575
430
12734
23968
18736
7303
6428
11437
15172
9657
18542
26084
6386
3862
14658
10234
17511
3906
26472
10715
23626
5808
4102
18947
3442
10798
16919
641
24030
23859
12864
18995
8602
22478
24103
6006
28298
6564
23150
14310
32033
1293
10462
1208
28738
11026
11006
8862
32631
21145
12284
30695
29465
19119
15200
21263
19141
16787
29860
24505
17140
6054
13937
32646
16228
30503
28375
26616
25694
24356
28823
1575
25022
18862
30699
7327
7962
8995
31809
22406
6429
27066
29337
11921
21702
619
25374
23585
21971
6573
9997
29804
574
17486
19110
16170
19815
1595
27014
25078
27158
27292
27245
10541
6931
29299
16892
20635
1747
19542
23231
5399
13115
2488
27469
5013
822
23444
25094
2577
14409
18997
8320
29213
5959
22825
1912
9393
24435
6741
20096
16964
18555
22660
20881
31250
13289
15269
24819
32478
11151
5701
14044
32571
9973
28097
143
21258
26237
17422
26490
16224
31609
13229
14717
13776
20787
3089
13822
19331
15204
20015
8264
20576
13146
11987
1551
28142
1411
7588
11218
2408
15835
15792
18254
19457
8777
15814
6870
12285
32389
5262
8984
16609
28154
19964
23408
24745
11358
21846
9080
23421
18114
30869
2873
24336
19228
18339
14844
2672
19762
27523
18011
16040
17484
7970
11457
8248
26032
5393
7237
21777
13478
19258
4183
31308
2374
5902
8280
4237
19454
4712
5348
13709
5219
765
11554
27903
15982
23503
3354
31365
25091
4528
4269
25117
25887
10640
13680
3094
8644
10475
30788
17701
19782
26186
25128
25322
30556
8563
4701
14525
5056
18536
23203
16468
4616
24616
31980
25954
3037
11669
18548
17142
2643
29833
14053
21751
20442
28920
16586
10194
29911
3899
27427
27628
31104
24234
3739
557
14434
17156
2938
6783
24937
1753
1051
21706
22015
8908
21046
150
25461
21298
14849
5895
29042
28422
24769
24245
18155
24835
17170
20553
2204
9510
20918
20113
2238
17043
31348
5201
26688
25469
13589
23986
26232
27184
13138
19160
3269
13349
3316
17595
10342
8584
12353
19734
15692
29010
317
5573
18762
4003
26875
924
20414
5550
8442
23640
14935
28722
17623
20225
9285
27425
10152
18811
8647
16004
4241
9724
1697
10913
23823
9824
4765
14007
5600
29504
17400
16238
17968
26661
23573
12210
23374
24010
25481
82
32176
24380
12089
28744
13024
17905
4288
20824
10837
7387
31010
16925
24070
25061
25925
16506
10764
18709
28777
9412
11603
1022
24938
20432
10230
17411
29749
9110
8835
13662
387
16304
29698
3215
31613
28867
15175
28547
32426
19279
4755
1876
29429
2084
11104
24347
26997
27225
6818
24597
2076
15412
27771
15037
27909
18951
6405
24667
32763
12252
10855
22528
10510
20515
20257
13723
22546
24423
12797
18787
12607
6811
17345
16773
4064
31541
10607
28563
24734
3573
15457
12003
6563
30381
30788
2192
20293
9555
21905
9628
4290
19934
26039
26399
22795
22116
4323
6211
29778
9318
5072
7465
17310
31699
20179
17872
17499
13
7624
860
12921
22702
19277
10728
50
409
16451
10431
14166
26445
21297
13888
9354
7772
4553
21646
28023
17961
2404
20383
26540
32005
29189
25847
11883
13623
12775
10486
4700
14363
30306
30002
3758
13880
6533
14101
29656
26815
14938
21871
28859
643
20600
6005
3998
31779
6684
32543
7435
10437
3752
25760
17214
30268
32256
20511
28016
17740
14317
4791
17131
25645
32054
30507
14959
26417
5850
3715
27434
24813
15953
7234
22766
21781
1174
31157
1587
11943
7179
28494
5852
971
21562
32431
17270
1875
13532
26553
17724
12666
30784
22128
16333
26376
11234
8013
32285
14276
30838
15122
7385
12945
386
21235
29945
18272
28411
8558
17924
15527
2652
13271
16380
24488
25291
13390
8627
19587
11025
21326
10433
29873
30286
11203
3360
26637
8003
5169
13030
22093
124
15115
8538
17495
12905
11261
10014
2704
18169
28568
24565
24268
28909
24152
4380
28235
12242
31666
1509
24985
30736
15727
16117
3592
24880
1838
25333
5588
11034
22951
28769
18930
26014
16573
13439
17874
13396
27442
1138
30536
2907
2657
8630
4679
22605
8184
5158
20925
21806
15214
6189
23699
16870
22617
2165
12119
29519
4783
26366
2255
3500
15695
23093
2377
23246
4896
5919
31250
31479
14946
19070
3140
12814
9664
8026
19315
18780
1533
483
711
26819
31493
12923
26686
26841
663
9504
3040
29186
18020
1568
17899
17247
25407
3509
12531
14030
3698
4270
8782
1557
7672
29923
3314
30652
27679
23808
18550
28910
22128
32662
22412
29726
13209
12850
32475
21259
2973
14780
18153
19760
8492
28183
24879
31323
29345
12160
23107
15321
17625
4323
2168
32020
2459
29427
16406
20336
1787
6257
992
25451
3268
31907
10803
3088
16510
27075
17597
22553
6251
30099
605
24301
322
10014
16473
9776
25167
6433
4566
32576
16134
29011
10728
27310
5325
32086
20075
29233
18298
12987
18247
107
30311
12328
8059
2130
28644
12883
745
19641
10286
14356
3438
19229
7397
19843
32131
13160
25980
9905
28215
28941
23756
22295
504
6275
20365
2986
16707
3751
28437
14808
24046
30297
28530
13983
3426
23330
13169
7508
16817
11868
14558
22127
13106
32530
6897
27472
27072
23350
30793
9333
18048
925
21962
13415
29856
2746
14068
27166
8481
6325
6198
4680
26465
26133
16190
20350
452
2280
28895
17962
862
28367
3039
320
10566
20781
19329
29158
12220
5902
3184
23679
2297
29509
23045
27194
22814
7084
18903
28441
13409
14625
16083
16564
18965
9872
5383
15068
26876
16335
29350
17354
7881
24536
2718
18974
7789
16508
147
21407
5726
13382
21977
17485
12724
11763
21130
2539
9359
14199
15719
20694
24021
23852
26900
21391
17929
10349
9359
14087
21632
3948
30866
14939
14844
16090
19256
18766
26925
21598
1696
15726
25444
1975
14150
19050
24884
23239
16908
14034
13457
14246
20945
6916
7012
26169
28658
27829
10086
31137
25273
7726
24967
16472
26727
3281
25811
24686
13586
25427
22133
7199
15685
28797
24073
16731
20198
17422
4875
444
17799
10219
14821
24271
18141
17509
9384
31078
26578
27400
6429
26904
25135
9210
16290
19411
7809
11924
21403
31756
17790
11929
6200
20122
20443
15313
29087
24563
8962
31420
29811
21312
13537
18799
17167
29745
28815
25715
10644
28468
10540
13334
6027
19019
20476
13105
22369
29540
24178
5403
14773
6055
29786
30988
21517
2522
3615
5607
28723
17566
28305
23015
23290
4060
25474
32380
26353
32599
27590
2300
12559
25373
31012
7602
789
22761
4143
27479
4339
30842
25510
18830
17455
4937
14513
28098
20947
12982
25799
22098
29995
26241
3554
15499
23320
4043
256
685
3954
9143
29405
11198
6039
25407
21042
30617
21193
15475
31354
15948
15043
29704
4608
6758
13422
21687
11605
23185
19023
29813
30256
3938
26599
9825
2868
23249
32465
27297
6578
27583
25624
7247
21067
18451
11742
16371
19642
13588
26369
11228
14038
11756
4122
20011
18042
27914
6852
4885
21895
5560
21961
24686
21234
1980
7778
16966
19292
22450
7261
16105
14173
19247
21678
22346
32066
4228
30573
31603
10161
13967
31742
12586
14875
10672
24510
21954
18373
12152
12568
17021
405
885
31409
11684
21126
21502
8140
26908
23139
28304
19641
6596
8649
28636
17372
12702
16977
17520
2370
22902
28988
13122
15503
3351
25255
3150
21141
30743
22252
27094
21889
8102
21363
15279
23612
6251
3044
4195
1844
28242
22563
16603
600
32391
16232
18341
20943
21162
8192
9645
2159
3794
20304
17101
29861
15020
13566
14679
21055
6265
24559
28706
9448
23424
25449
20369
2309
25091
28195
14937
1568
7544
1262
17328
16308
3685
5620
24841
18134
10200
14709
3618
18622
4380
26703
1753
25603
4840
14434
23259
4030
2012
19048
13256
13736
26327
1187
12074
27049
28733
31005
10793
1839
11745
28195
19832
28153
20478
27403
3273
7679
60
27408
9581
2896
1608
27567
29878
12496
4188
29564
16133
10766
7293
27174
13634
29227
24050
10716
12046
20337
3353
5640
11412
28858
22082
15068
17289
21407
5905
1240
8067
12220
18487
32526
13952
23862
21575
14993
16128
31293
13003
2299
21950
29896
27006
4051
5566
5011
5170
27131
11764
8934
18018
4124
15478
1912
86
6273
26564
11020
3086
2729
21338
31869
25874
553
9538
5660
20651
12393
24375
2858
714
29739
20042
24264
5771
14732
18618
15435
16305
9394
23129
12922
27989
11565
23647
28945
7285
18289
17979
22834
21438
1430
18832
5979
12452
14384
1070
30433
4162
2968
16232
11449
13666
26019
21739
30914
22384
25481
26020
12982
17637
18205
6177
8484
13886
26196
4158
22223
5438
18332
17095
17458
22241
286
11304
12455
5354
12471
18931
26683
22203
30224
966
6395
28590
16345
28798
7147
967
30907
6524
15304
8768
12390
1583
29951
30739
16517
30450
10289
25394
9513
18098
18940
10700
19399
28547
16539
18350
31653
10006
22869
9795
11766
29772
3464
10877
13256
32
12435
20107
25446
14447
5539
31693
13922
9231
17901
3105
17719
1021
32143
16467
25870
3664
22251
5133
22465
13320
20976
9767
32228
31632
15984
28451
20023
1633
32291
13804
32141
22724
5321
7618
15818
28543
4670
18130
18993
6033
3127
19865
6910
22801
6848
31688
4538
5795
7274
14341
15234
18361
27777
12433
26100
27760
12160
24423
14134
1650
26457
23825
16652
739
8954
533
8892
5660
20992
5487
15584
4713
3879
14660
15918
16317
4526
28024
26539
11001
26510
23183
21094
18396
8170
9688
16532
6520
9939
21111
5987
24979
16670
10641
1675
6153
22673
20084
7753
8136
7780
575
9221
22478
29617
11540
22909
17158
1281
2478
8725
4749
6079
19100
32082
25238
11816
16176
11612
29372
24489
24761
5086
3878
4468
18242
22352
16517
7317
20409
15959
11699
25746
15352
24163
25119
27407
18380
16030
26893
2744
5304
26496
24102
13645
26834
854
14478
22076
3001
13155
11852
21723
3893
4375
6769
7937
2002
31307
20738
9804
9282
17217
16482
20489
12556
14475
10367
350
26780
32484
3242
11981
30341
22117
21944
10266
20272
4675
24202
16071
27675
13784
24005
24435
7981
7021
19524
17337
1628
20653
2085
985
13203
28796
2376
1335
23363
12662
1138
3135
20166
9188
22283
5589
11849
12757
1542
3636
6313
24405
32530
171
11820
2216
9215
30038
32196
28623
29847
24441
27408
21128
27696
16603
17912
32053
23654
31768
11110
24361
14212
14718
22838
2063
22875
16284
26137
11791
28217
12917
18632
26578
7183
20909
18570
9498
2720
2011
21405
9309
21549
27302
20178
11125
18597
11539
15395
9456
16884
31458
5332
29529
4325
15785
26154
20311
18011
27081
9869
23850
19855
9000
21327
20901
28776
20244
13887
32370
30663
623
13432
28931
9776
10449
16087
30510
19423
17148
26318
22565
10230
12438
14630
24576
13065
8884
21197
32720
19461
4732
10847
15281
4334
26786
17367
27648
29096
26695
29279
30352
17320
26933
28371
6177
18896
31568
24647
7734
17591
11888
32343
3306
13281
28584
13269
7178
31050
13978
6874
14924
3373
6895
21004
23869
24710
23530
1390
20478
29081
26991
5034
29327
28202
6056
31628
28451
3051
21481
13276
21099
35
29508
14950
12167
13371
2207
1487
2025
32133
6649
6200
4858
15133
2582
14197
14627
19834
7504
19000
8513
24549
9752
2087
3941
29832
7987
3456
1831
4259
18279
31107
11190
18131
13296
2438
13088
12860
17586
8479
29245
15805
28343
25248
2572
20281
28478
24956
5892
8054
11028
4884
28307
11191
17358
28876
30338
18164
17885
16680
30105
23813
16448
13309
25759
31448
6182
26826
16973
9068
108
5259
15477
25016
9889
20279
9299
25759
25773
6055
7032
16978
6147
22321
12934
17755
9407
7449
21110
24115
9438
27709
15574
167
20788
19579
14071
21822
21363
23406
4033
15170
26181
22323
8038
8354
29187
4148
9183
12741
12870
21947
29867
21428
25113
19388
29713
16351
29274
9909
25482
28989
26438
3418
21706
24388
10221
22082
22635
17324
19432
625
18147
23751
18765
13361
4084
18091
20056
29814
24734
8727
4129
24421
9981
20655
26909
19315
1848
4782
18420
11540
13411
19171
10395
23442
21392
6758
8092
29259
5940
26117
24752
21563
7285
11317
8130
22075
17325
23207
13529
18227
16643
3997
2353
29649
31134
25441
1352
24141
28064
31542
32092
12567
28320
16231
29557
30236
13843
6905
29598
21216
5799
11277
20658
29753
32557
16534
7602
29505
21867
25521
26919
20361
21146
7317
32228
8527
824
20631
15834
24855
22332
32392
4490
4261
20351
16929
24615
13292
18607
15094
4635
24381
11233
4864
16695
10881
26718
30052
28575
6158
2551
20167
26603
28713
692
11544
18115
14577
22145
1384
8135
19732
17121
2801
13618
8786
15479
6940
21333
4949
12239
3837
3745
30514
23139
826
25730
31596
19598
23596
5406
5095
13470
29802
30064
26351
30460
182
30476
25131
20201
17625
13390
8097
16112
14752
30060
28926
30684
15547
23708
18853
4235
20469
13514
22209
28847
19920
16501
24382
11292
20008
23409
1066
15328
15939
19529
11401
1572
27672
16220
20086
32048
30075
6042
25036
18927
12358
1621
6001
30076
14674
13611
29391
22862
25778
15065
6592
17645
18999
5423
6591
17373
7655
30768
32754
15878
27837
27629
29712
20598
12960
28739
3307
13324
3854
12135
20478
21293
8884
11684
15359
20290
22732
24170
24833
10865
2959
5211
24436
4487
5089
25517
12765
24002
26851
17381
25527
21956
31912
1884
19120
30849
10
7410
32230
13509
10266
412
8598
23391
29820
19800
11303
22997
20040
24725
3143
24285
9227
25797
3642
29129
26584
5228
2381
16751
2349
5287
15590
32473
11483
5047
22336
31666
518
24014
26281
31701
9113
10991
28807
13636
31375
3664
6193
22838
3514
10591
8748
13484
6259
4633
14107
32393
8808
15874
5165
17634
9985
14529
21897
6836
9167
30437
14823
10998
8672
13081
9461
11663
32396
30082
16639
26177
23778
10986
28368
21859
16776
2702
13659
5572
26491
30590
6522
2747
23733
3014
12446
32016
27246
4434
24550
5384
13633
22073
3003
17239
24094
1932
685
8883
15783
3977
10495
9986
6150
22954
22725
3830
24624
22687
3389
127
19936
14314
18086
22
10853
17514
7788
3720
19703
19687
16926
10363
18390
1284
32350
9890
17437
21243
10617
5402
31460
25054
6144
1053
7888
22482
21622
5058
25061
10599
5530
4162
4103
12471
25990
23480
30516
28834
5797
7691
2858
16929
457
17210
23220
4928
7078
13313
2481
23798
13923
27726
4911
1713
16016
7853
7157
5128
29080
29560
5675
12973
28213
9766
25501
3150
5680
19138
1186
8635
832
24886
13895
27217
20379
2976
11049
31788
9522
16545
18121
8034
28023
10797
29693
24601
5623
3319
21417
30961
11466
5190
6524
18639
6776
12690
31033
29884
30092
26360
1925
22593
22203
20255
26081
31772
13062
1236
31300
29934
5140
12363
20235
18720
3430
30600
2291
20158
2001
23301
9539
22488
27442
10096
27369
32096
20738
6363
9723
26205
16634
4961
26033
2721
955
28910
2427
9750
21970
21348
29309
23344
14440
11786
11127
24746
17184
20678
18815
2166
13745
11084
11482
29508
5670
15869
8629
24012
27478
16871
11562
8821
6631
30951
5021
19391
5288
21128
23077
26981
28614
8689
11597
17346
30974
1224
13317
1719
15737
21119
26237
3811
24769
30533
1252
10658
22210
32073
17145
20975
30069
15054
10709
16846
26996
8956
4595
4515
25428
4903
27686
5219
21055
9666
22737
10554
13041
6125
18758
22737
24777
9761
6104
17939
29026
28691
10201
16351
29072
29616
14145
6848
23935
627
6263
26465
25623
15407
2881
7183
28824
5628
24719
23864
5081
17258
32111
14995
14666
31747
11778
29697
6794
3722
2596
11047
7884
32544
29137
19465
16932
3369
24623
28903
17232
28970
144
4846
11574
27351
4493
31522
23539
21202
14056
7297
23558
21356
25454
18894
29860
12116
220
5994
21751
5294
27715
10985
13994
26301
16935
16370
22201
10212
19995
17253
26662
16730
15946
5021
6859
19888
31740
13822
31528
18091
16067
10219
20152
1746
6299
23186
8902
29318
21998
26338
2736
21558
7429
6259
1219
710
15635
5067
11227
18671
5551
5680
15932
14358
27673
6818
6401
6261
25712
4445
4581
1119
10599
19668
6135
27602
5607
20683
13895
16706
28779
19873
31316
26653
30916
17353
23184
10551
11600
4295
2042
28883
17802
210
6251
28097
27737
28123
11736
20615
17703
30262
10586
25918
15212
27373
6024
4721
1287
16203
22059
27343
7232
212
31274
30545
18186
12419
14053
10972
1464
15291
30485
4150
31712
19724
31178
14000
4845
14959
7361
10636
13914
30820
2018
22962
7768
11993
11401
20764
9751
22122
32134
19126
10159
8770
27576
24918
18474
27744
3466
29668
743
24512
26197
7286
7195
13684
1364
11205
28384
1901
10815
523
19424
32058
18587
23002
21058
27850
8470
10574
21814
29348
15132
8540
31990
748
20327
2784
25317
1521
11996
19591
27865
14541
24493
17488
9336
17431
3451
21267
13323
18542
32650
16
4815
555
4877
30253
16245
6951
13793
19501
12327
19261
4348
3239
23532
1453
30755
19065
29195
9011
20337
14757
30859
15964
25977
17533
9129
20757
17364
26747
17578
4153
11820
19914
12052
870
29379
2077
26632
27941
19931
16169
23539
16605
29732
8351
13215
8665
24315
29983
12822
14384
12215
32099
18843
3594
28195
23629
20085
8520
2227
18001
23298
25431
21407
30252
6431
634
20210
684
14725
3439
14796
8352
27271
19506
27686
8200
7156
1502
5824
2787
20171
23969
25487
14289
5094
30258
32702
25170
13655
9434
23239
28148
21253
10947
23795
24975
31606
11504
532
25371
32391
30908
9209
3194
24660
3215
21180
21768
28491
23012
24484
904
4321
18316
14835
10118
23851
8342
27558
30964
6688
21997
26307
12408
5098
18042
27240
29259
12387
8946
4489
16769
28760
30842
7104
8396
23026
30350
13171
2500
1055
8812
23264
15144
11158
23525
17555
2622
24233
23796
10789
25371
26002
14141
14068
30523
6608
16423
21267
16735
24454
24039
1336
363
26773
15719
16699
8821
20922
8878
19267
8449
1692
17137
24141
32461
10841
26925
32630
7551
1729
2992
22027
30919
15625
29363
745
11407
8034
7615
18554
31500
15231
14100
24367
8829
13002
6705
4318
16833
1390
15347
10295
20161
29262
8328
26629
14616
32353
32019
6298
16182
6803
10349
18520
15287
14354
6167
7947
17492
26479
21533
6710
23415
24459
3640
13124
12564
32274
24088
20248
32519
31694
3719
26884
28907
11193
25726
12808
16092
11352
23316
22417
11865
30622
29872
21459
3074
13839
31645
3143
25752
9877
22954
6545
19274
19746
4149
24242
22246
28348
20368
5106
12106
10823
13914
7347
2017
14836
24315
26070
15294
6638
4889
9511
27522
30056
17026
8367
31933
21464
13464
10149
11837
3284
22773
7468
7248
2457
7590
24506
2975
20454
18139
30384
8408
14980
28098
16949
20260
8276
2465
28691
16090
31619
14363
13052
14744
26384
24330
10280
18586
344
15370
31213
9615
28473
858
9366
26138
23490
20871
19780
25985
25887
26800
22897
24555
28696
31769
26639
30202
22532
10794
29733
26460
25029
14014
17193
15973
15611
7476
20520
26242
14127
11084
10055
15087
4472
923
7156
668
10636
10192
28289
2570
23557
215
21709
6985
11802
17505
27634
30724
27049
5388
24533
12584
26443
19447
4061
17211
18027
75
9952
15935
19539
6832
32470
29544
3981
4230
16282
10956
30112
17430
29317
16011
24042
31942
17273
10467
7364
29663
23136
5604
9985
4116
7919
24944
32315
7077
21243
5527
4901
1692
15981
32018
27565
8217
10848
12636
26461
8082
8116
13125
32009
22573
18414
6351
16749
1610
28131
10869
28438
20671
28230
28122
1153
21769
28383
4961
24039
26423
28095
1978
29966
5142
10360
2652
10684
28066
32228
7445
8793
14207
17370
26855
29898
10951
5246
20409
23583
15902
21972
21032
18551
10420
12452
13419
4855
13391
21081
25779
4207
25673
12382
4431
8652
31979
4562
7220
14897
4157
26438
11633
7957
25337
28348
3444
26500
15889
19645
11234
29731
5776
8720
18225
16973
24466
14371
3316
6442
22399
9454
16984
8284
13125
16797
4103
29796
12335
32280
27666
17813
20045
32228
20604
31473
17203
443
29744
13076
5721
27550
6205
20939
19998
10741
10863
4520
7674
2241
599
19834
9231
20148
21780
26183
30208
9855
10299
20190
628
9043
2921
24292
9808
12861
13332
7093
17034
137
16007
9781
8360
18967
21169
28986
2587
8476
15118
19673
8171
4966
8083
12160
15852
6117
3615
30324
1634
27095
17805
7138
6255
26004
22594
6448
28022
7566
11907
22833
26405
13517
14501
15902
14693
5829
15552
21509
4425
25337
6948
20760
9070
21898
10345
428
10784
7291
21441
11895
19707
25589
15237
28757
29080
29337
4586
15675
3656
29041
18213
18144
17814
29118
22041
1058
21239
28044
19491
29389
9851
24185
13395
18464
30512
6357
29176
25318
4459
24532
19962
25290
14252
8763
1588
19714
4810
32105
3460
7970
26431
1922
24326
7554
4983
30665
20090
2897
15456
3896
7017
20203
824
8615
15467
19922
10535
21179
23391
2099
8936
82
21278
11386
20547
28354
10961
51
20702
6647
2734
5106
18799
4344
31104
17602
23051
30762
23038
3609
2017
14617
6810
9218
29270
1348
23045
13779
21801
9249
26204
5709
5805
2806
29808
22205
29466
30716
14427
10063
15184
14525
10278
1871
5921
26187
9438
31954
18658
14484
3619
11234
4503
7336
24533
14761
2721
30831
26919
28971
5014
30968
28654
6982
20583
28422
10955
27798
9659
6224
26682
20611
9951
16997
30819
12559
624
30417
761
10257
10353
22215
23109
18098
9758
30497
6130
21766
2417
27713
24545
5098
2033
18404
2291
10282
8704
4524
9019
26232
3453
15804
24285
15450
22568
21344
13880
27361
27630
22623
29147
13471
27833
11323
9289
205
18736
18734
5918
19058
19795
24430
21233
31425
3973
29138
28358
2720
11832
402
11170
30685
1571
29044
3162
16222
20048
6027
6514
9702
24903
30440
21597
9740
26598
20919
1333
23120
7236
11895
2432
12052
28837
2531
6751
4266
4096
16803
9191
9859
27467
19076
16210
31984
22654
32643
11534
17341
11671
17868
19325
83
15320
25629
31433
16108
7403
17143
9682
28378
25901
21839
17366
10885
1080
10344
5662
13439
26136
3012
10385
28553
17807
26900
13237
2088
4369
15981
27200
27364
18945
15287
31741
31505
24404
18192
11127
19070
12838
8775
15183
21281
13504
5713
13332
26734
27114
26688
4783
16033
29735
28110
21345
738
25105
24118
1255
4070
30373
30408
6845
20256
20982
14631
5495
20321
6245
27599
19309
1609
1023
7208
9181
4764
11627
11259
29193
10795
20304
29387
19899
9877
20687
11822
18931
24787
315
25309
16980
15386
8439
27364
9080
25920
6365
15332
4580
25718
6986
29448
9991
11195
22406
27373
9041
19738
27099
2644
28664
30819
18511
6432
6844
18598
5524
15292
6530
18014
365
15267
7010
21472
12111
32358
30767
32306
447
31551
28509
25880
8824
8616
23176
6606
11543
31323
16323
29804
926
22152
19263
29876
2492
8114
10130
19330
19842
19808
28553
9946
419
11361
3078
19234
7970
32236
15368
26790
2534
950
17593
30020
11576
20599
23242
7841
13045
11083
15920
10749
14777
32396
15600
19273
17406
10735
24876
9692
971
8625
29284
17816
9234
3030
10601
28724
17077
1704
555
12973
29567
29324
30246
1996
24139
31682
7634
24862
22511
14150
16151
15474
14164
28859
10872
17535
7601
17887
30756
17419
29284
24210
14829
28546
28873
30528
3723
14713
22455
3587
11885
2902
4154
20856
2513
21492
31367
29425
25463
27287
32251
13354
31516
17746
31316
29555
22073
30337
20028
6086
1376
19885
20651
4313
26653
21691
22609
9732
26842
13054
15850
2365
30185
17492
11236
4659
7295
27417
1912
10281
7679
20583
19676
14280
8103
26269
23033
7359
12335
5872
22655
9664
20143
2883
16897
19429
25007
573
22091
23877
9439
3104
19895
13581
32674
29591
5904
10788
30259
28234
2556
8177
31422
32144
9404
7041
19329
10353
11651
27113
18059
27767
25958
17254
11119
27601
25710
26953
9916
31610
13331
909
15056
17701
20187
32065
9507
13557
20912
19964
16078
25578
25835
204
2748
7264
12495
24554
11129
30374
4816
30505
22104
24696
16018
7531
2344
10884
32576
26725
19292
29697
27486
21604
6969
31970
3836
1118
21275
3006
21946
19802
21160
11603
22450
17116
2891
8201
6643
12397
14081
15990
21751
22329
31767
12449
26868
25915
4142
5192
20906
28165
4169
10518
10459
13306
15258
24153
6223
19260
2566
25703
452
3682
14135
7282
7409
32644
20144
28233
22864
1763
3279
11282
29428
2813
1124
16530
24432
7329
26687
28017
355
25607
7034
23380
28370
8893
17160
11864
2104
30894
32450
13862
9124
10598
12204
10599
10529
24836
17601
10502
11000
28472
28538
2123
17979
6426
23691
2940
28025
349
7465
30553
10570
14582
20679
26708
22470
20734
22215
30999
1511
16668
23356
17550
8981
9347
29076
18474
2349
12826
9087
6126
8325
27405
25122
13869
18783
17825
9016
13761
10679
6349
9056
5628
2050
16300
19080
1092
30994
21141
1781
24544
22777
28196
7938
310
19538
20286
31096
24102
24857
3491
12222
12824
21436
30036
25861
20641
32433
27049
22794
16019
4257
23433
31911
5531
20117
12016
29236
5002
25997
29303
23325
1701
8221
1597
8172
3412
15032
15914
32636
22490
2718
11835
9666
18339
14634
9715
21033
26639
30433
27373
12601
20884
16160
261
31917
4189
3859
16668
14593
9318
20515
9824
32483
8613
10154
5200
10938
23390
25445
26241
3072
24188
21447
24028
16859
19288
4809
30046
23029
24567
30618
21361
565
14456
19760
27436
11692
29674
19247
29619
28806
2193
20095
8812
3741
8975
24646
3936
17331
28846
16345
22988
11327
11668
23962
1409
26894
15431
664
8260
8148
27802
16934
2335
22084
27810
18558
12807
21767
10005
8933
26379
17241
3805
15266
3259
1010
2203
30089
25127
1862
18203
6294
8570
18160
2208
6832
23742
29099
12139
15683
11038
30419
12435
31245
9574
7206
18633
20232
20312
6128
20335
8980
24039
19887
23762
14985
20750
17024
18735
1172
4790
10921
20125
28606
14983
4327
20656
28118
14702
3061
31044
23743
1502
15945
31353
11188
27869
30638
23184
18878
27197
16388
14066
13344
23832
22013
26707
22728
5228
17527
25215
29364
2576
7290
3824
3001
12571
8624
14862
26801
32578
19131
30590
21227
20355
24169
8836
29436
26340
12911
21549
18210
17100
8171
20891
10391
27422
9625
4413
20783
18617
26427
1706
25611
31700
17759
26923
8650
23588
10294
8660
10845
12144
19454
31372
31789
14789
25837
2083
16873
5437
19531
7688
30183
15801
6136
25355
27591
28617
342
23296
28262
24674
22533
27099
21025
28117
26790
31083
8378
14593
16223
915
24070
6217
400
20299
21016
3242
16820
12198
18229
19379
11295
2135
16275
4081
15050
17450
20584
13270
16936
17996
3473
8690
8319
12267
17041
24510
9443
6252
7028
26390
25259
3822
22931
9439
6574
26781
15878
18986
9054
32726
29950
10168
28769
7361
796
2618
4590
18625
32566
146
3525
19107
16618
7097
21351
31231
7584
4784
5268
32039
21410
17269
729
23871
23616
19615
1962
10514
3006
29140
29679
8093
10078
10244
24510
4095
28552
1239
633
17698
1428
24437
12093
28675
4712
14184
22833
5163
9442
28896
3771
32379
25682
9337
14975
18229
27964
8954
11394
19582
31755
25703
30065
29597
27401
25654
31161
21370
32404
27428
20908
13248
1062
31179
4006
2180
26201
28083
23715
17162
2522
5439
1926
29894
3219
13672
8882
23154
23117
1788
8069
29087
30567
26484
32399
15320
25590
25715
10062
18156
3915
26426
18840
31443
32122
6220
20144
2547
32263
6644
22391
12649
9365
29455
4327
15236
6675
29203
18338
28461
22127
29422
5874
17343
24725
18687
22329
20810
21493
6408
2960
2559
8360
11659
32180
20986
17572
17085
31567
1911
6740
28097
16121
32223
19026
7566
31545
21236
29637
17014
15674
24018
14453
27645
28821
17482
1855
8993
13634
912
16728
29190
29769
28141
11323
26754
12168
18391
3035
32661
27732
19249
15964
1178
20651
26737
17435
12172
5601
8630
17535
13910
21441
21665
22946
4560
23149
13435
15000
16289
22783
5757
15755
5864
27293
1827
8389
17449
21313
26544
4893
13207
14609
4058
4629
6011
32481
8241
25960
21265
4070
22120
17811
24804
27769
19793
5207
20015
6985
7921
31745
7069
18926
24517
19385
15916
25510
24284
31958
6591
13405
32529
30413
8566
20983
23138
25838
20614
32100
12506
17087
26879
30876
26956
10617
21595
28225
8874
25251
9375
31586
344
20898
2851
13131
1179
26475
9465
4374
17605
2420
15202
14917
875
7765
2418
14646
29587
20592
16033
28176
4215
2132
20649
24636
15843
9832
15777
23091
17962
7408
8709
19719
5631
14604
31957
24759
22344
11048
9917
20949
16539
13490
24489
19691
6064
19139
26875
23390
434
31453
26898
11636
19712
28837
20349
6281
25741
8444
8168
67
5541
22681
27715
5429
15747
14810
23944
23256
21719
5906
29899
17061
9165
3160
11590
22894
12796
17771
23121
2049
16918
31187
802
16243
23031
23333
6302
5481
31790
30415
12360
21475
20706
26259
29149
21557
2152
6227
7138
9209
17069
30602
28158
28351
15128
22654
26277
30395
24875
11912
5152
2636
25302
21735
16317
23525
32269
719
29828
28045
13258
26912
20841
24735
12094
29191
14737
28228
24759
10243
19451
5284
27692
27603
5719
8307
8237
22062
13710
10792
12929
27607
2340
25007
31837
10312
17682
6963
24767
21706
2211
31502
27681
10093
12060
24257
5450
16115
20992
13357
21416
15972
27393
22601
85
3239
11932
20936
11083
4613
5827
19477
14149
14144
10182
6778
11025
26463
16435
17146
14326
26385
16125
7181
31066
31254
31225
26603
27241
2250
24901
3051
31542
17783
17107
2526
3937
13023
27645
15646
1250
25294
26013
3217
10850
19821
14784
18042
18670
16240
6323
12975
5544
3848
19923
4943
1178
3326
17162
19389
3705
278
21663
14663
1994
28265
28065
28791
10345
24086
20399
3533
22323
1067
1976
6134
13832
15469
25529
5534
18219
6710
17481
28724
21878
6177
24376
2276
3492
23079
30555
1140
28517
28181
12296
18043
27086
1070
31119
23540
5892
15168
7820
12483
8177
20777
14465
23432
22862
21080
17640
3731
10200
16519
14958
21635
10834
6782
22711
10946
3199
13401
31657
19331
16084
26974
32215
3282
7006
24100
11348
8592
16608
19280
30903
17702
8669
7917
29926
27160
28107
11240
14001
26470
6011
7411
2047
22602
19478
29067
17138
28008
13074
29113
26617
20032
18363
15996
24168
23875
2518
29366
26329
14478
9071
10712
4409
11510
30314
14153
1776
163
19776
25375
11336
32293
9908
7779
729
136
17706
21158
20800
27771
20165
13936
25404
632
25607
27020
14255
18713
8064
2548
10458
30420
29048
29605
1441
15782
16222
29539
12636
10991
5935
24036
12878
29052
9181
15035
7549
27439
24613
952
2385
27497
18974
24393
7917
6932
4667
13798
1251
2699
27949
4154
13445
28045
20677
19813
21925
4293
30825
30291
31561
2097
5759
15524
3701
22872
5286
4470
23216
31688
13671
12758
2761
30215
20072
3152
29358
7353
11020
31925
17942
3425
29655
2253
21019
26052
14266
2625
31425
29847
26836
1985
7119
12200
18204
26863
32539
8068
20410
11850
24856
10256
22719
26597
30436
8499
1355
19313
6132
4713
14083
922
4060
6034
3648
8316
13200
32011
27382
29310
8154
31929
13587
3719
1436
13630
31639
17440
6895
30795
13916
27592
11997
25746
9992
9529
30741
27502
31343
25372
1430
25120
25633
31562
15078
4583
31378
24640
30762
25111
6903
10789
30935
12992
4203
11089
4765
20009
8903
30193
20620
31512
3591
30200
27980
12626
13258
5168
27046
15752
7458
15586
27513
16759
7033
7732
13220
28821
1028
32731
20514
12639
8632
14230
14924
26326
3731
29500
20378
5517
11619
23336
1568
23320
31245
27903
25714
18022
22231
24792
8022
2866
25067
28693
20016
19008
14036
28438
27107
15333
19565
22650
16452
29119
24653
10802
12558
8288
5459
19066
26578
28949
5037
5164
22785
16338
5437
10168
3777
24727
23027
12173
19706
5031
1081
27753
17043
12076
22094
6060
24691
14539
13814
30544
1422
12567
15500
24822
31194
11927
28194
24296
12451
5534
31493
13227
32090
15827
11131
5721
19627
11780
18026
13206
3618
16971
26614
17557
18793
4198
22009
26432
23741
12685
27818
20541
6353
16617
16034
28959
22775
22832
30667
17083
21794
11208
31637
3387
15810
28481
4965
17682
14408
23226
21173
26058
3504
12105
6962
6382
19199
28723
25467
29013
13933
24161
4129
4203
21070
4860
20158
11462
12750
12532
30724
10007
8641
5287
1514
9202
6877
11401
10225
32429
6383
15713
28700
23341
19837
16433
30646
8718
13010
18327
13232
19525
18186
28171
32023
4331
11615
13817
4776
18816
7824
101
3355
14000
28650
20053
26771
14610
2817
25841
25102
3886
30428
9168
30803
15249
3581
26782
25780
23408
11046
15088
22597
28636
31134
11905
14102
26967
11274
29200
27492
9987
10199
23644
16261
4207
12710
30875
30152
31391
22991
5956
4676
9840
20173
16305
31512
22581
21972
2771
14425
19983
30890
28310
13665
13311
31310
21895
29196
8825
23211
1426
4823
13760
7234
21676
13202
25099
7476
31117
18691
20995
10203
27238
14931
23241
26019
13093
11226
25189
6532
30805
14709
31497
30234
31616
5948
28486
1535
26959
15348
2269
29583
403
22878
32134
2069
17596
31482
8881
30895
16937
11426
21167
2628
26115
1749
19371
15361
15710
28495
16924
767
4761
16663
26174
12250
990
26561
13729
23028
18719
18029
8060
8857
18059
886
17445
19676
17453
1677
28059
1456
13049
8073
18615
19031
19232
26841
25662
8684
1859
2336
3234
22865
2963
31793
16623
8088
26555
1078
14068
17263
21993
20577
12890
26842
8441
18261
21510
22795
14200
14276
31928
3301
8372
31424
26488
17716
3269
20363
15878
27245
4110
27005
6957
2109
18022
19764
13407
2032
6562
13006
15801
20306
15088
12196
2337
8249
1531
27281
25297
32667
139
4720
17224
2491
30939
14102
6194
27494
26775
462
9088
16176
14829
6855
16767
18395
22520
19889
19568
28678
4917
14421
19871
6588
22117
31375
14792
7949
28660
32700
6157
28588
20333
3661
10363
30198
1630
21178
26795
24711
8063
6109
12993
5154
30369
20264
9355
25658
10136
28668
587
16170
27090
3533
25132
15785
16908
20903
6958
31681
23341
17412
13246
19493
4831
2219
25108
13658
22067
22243
6609
15074
20031
5355
8219
15123
5152
3643
12558
9473
12190
16583
26356
30837
822
13832
19803
25751
31701
18744
22459
28788
25200
7379
21764
25425
2294
22025
28423
8512
15361
32108
20052
25357
26143
8389
6327
5975
10544
673
12853
21770
24071
18630
28151
5741
27158
13137
13886
30242
11907
29430
8196
24215
31659
13680
24767
1672
28607
29623
12827
13374
30390
30324
22860
5008
17796
24944
17720
29025
8721
26542
2106
27148
5402
3662
22527
1696
17094
7428
14232
26531
6726
1953
32097
29322
21650
15519
2092
449
21987
22903
11398
21957
30000
19969
11478
30847
28818
29900
27739
27245
27919
5889
32514
19502
19459
14066
15734
17736
24530
21812
7816
11219
7518
12445
17565
26438
20280
16961
28547
13117
2878
27416
22674
17857
15063
29080
26804
28446
27085
2606
13719
4116
18225
13859
17605
15793
20345
18730
14635
6379
30372
24137
18716
17001
23739
29081
10372
27120
7864
13554
29855
17190
12676
2591
9274
10296
25660
21994
2288
25984
10938
7172
3004
4083
10444
1069
165
25229
8792
3564
13039
28149
29730
20637
9471
26553
3230
12845
27790
7557
975
32685
5524
31529
27874
18267
3019
12520
19392
15463
13430
23078
15484
18807
8084
2890
21035
18273
2385
26638
32324
4686
18993
21091
29003
28705
19979
25689
22836
26489
14210
15985
10620
18281
30549
15900
13469
13458
21633
28398
20012
6374
11194
31647
28789
20488
2691
2717
30765
23249
15272
19579
29770
18728
24741
4441
18397
25082
19699
31932
28479
24006
1545
26165
8613
18616
3155
8090
17329
22038
26413
14431
12119
5954
22358
26666
14571
9519
4388
4432
4325
23547
29013
18092
11646
19634
17632
28355
18159
547
30176
212
9389
8741
15704
28419
433
21865
23324
7077
10608
13421
19153
13804
7874
16634
30375
3412
8605
12286
1520
20811
16438
30824
6003
19892
19354
16421
31991
767
1941
22790
26382
31663
16698
3088
24017
30561
7979
29224
25852
28229
31271
3564
16192
3712
23610
17107
28276
10134
26734
8894
19414
32410
25722
23375
25894
16506
27041
20826
12580
13934
24956
12585
10097
798
26389
26376
21917
1479
27747
5153
11421
2859
8120
10328
30653
13024
31866
21111
14214
25085
13825
29843
30944
17162
17184
15155
12868
11615
15488
23147
13917
23839
32657
19651
25938
10062
7038
15419
29517
19518
29963
32405
23718
13645
19005
17031
30111
18763
19909
13331
27979
5570
30294
31513
6356
20938
21830
1924
28143
14807
21414
9044
14591
29294
5276
15199
21743
618
28509
15387
30847
3077
31450
16523
3677
13959
169
9729
751
14623
23691
24569
31866
10731
20847
9221
4044
6925
13410
13886
13622
10766
31151
17294
1895
29852
12251
20350
12060
26685
18420
18437
19577
6442
12843
21086
12354
14141
20836
22684
19715
22126
6153
18497
29101
4846
17387
20161
7392
8103
9947
12682
2488
2183
13564
9143
31889
24699
12719
13366
20451
13779
18284
7134
20170
32304
7833
21354
3255
13817
8946
28194
7978
11691
5862
15973
26630
29263
22444
17939
31937
25777
19628
25950
10301
28090
26709
7978
2753
19714
24623
8912
29988
16656
21891
6068
18923
16302
4006
26536
28825
7947
9353
31211
15679
28478
31700
30949
6090
22084
31856
22971
11353
1829
27652
27933
32608
26553
5004
17829
26132
9973
7121
14443
7475
26717
18467
10588
1504
16361
15703
13645
29156
1067
24251
8321
24143
31534
31283
14569
1284
6477
121
6158
19307
28543
24038
24885
17959
459
13337
15589
20272
3204
13318
27545
1403
16959
11272
22038
31443
17021
1238
618
22096
29717
25616
18750
18237
3260
31406
4055
20006
25049
10531
10139
7989
9569
6857
17602
12965
27658
17851
16970
32216
18663
23513
8708
18715
27896
11613
25642
9151
4086
17676
29323
6646
29232
8616
28651
1368
1536
24538
17661
6824
16874
27534
16587
13582
17195
26421
4909
20635
17165
25371
19570
11157
28675
16019
26117
8075
32301
8284
9352
28926
14708
23371
25692
5607
3622
20441
5735
18692
23440
27352
23344
10662
30381
17721
18301
9478
2467
8298
28105
30745
30588
1641
19676
15948
6662
13398
15440
15157
4735
10735
23655
23294
31816
16358
28485
18134
7049
725
22073
24662
8222
16374
13926
130
18462
13473
1196
29831
5008
10487
27000
25627
21946
27128
4489
4840
16137
5827
6538
18458
32042
2129
20203
5329
17817
17108
265
13236
2417
23359
4675
20916
12305
2893
24922
14724
2216
20964
9
6390
10588
30048
31817
26924
11645
2283
18074
26612
12976
13714
30699
2674
6066
31657
26300
24273
22013
26702
7016
29771
23068
22232
18510
5751
32047
17761
29486
29305
13508
1887
31133
6736
13492
14529
2839
19460
6517
16325
6129
26685
16329
27452
3301
7496
12655
20147
32686
31047
1311
25973
12735
22506
14995
16661
698
30087
31290
6083
5384
23381
12955
27214
878
21963
21542
12644
5928
14376
26341
3349
29390
21874
25580
20881
7866
20765
8000
32597
20573
14083
9562
15593
9896
11254
14910
17347
27155
32257
9867
25004
10160
25809
12708
13168
15124
24698
3783
5480
3024
22155
7499
29200
26486
21186
11040
5728
31265
10892
27420
1866
29642
12285
1886
31598
27033
8854
8851
6056
30396
8659
14774
23719
2357
3851
10821
22430
9062
2534
10185
8032
11280
1071
9719
29491
10957
20352
11120
28689
2026
224
9151
17591
4870
5113
7629
5265
13445
22861
28330
21792
17026
28759
28458
24869
31368
22566
32112
16502
7696
32434
4644
15092
8246
10432
5043
14563
14325
4543
8342
12874
659
15547
19519
726
11969
7459
16604
24379
27004
32669
25315
25792
31302
28930
29140
19238
9509
19181
13387
9458
1335
2878
1074
20863
9083
11581
2654
20492
4595
24818
10134
650
19442
14007
27569
8844
2301
8882
4594
12895
4170
7590
17542
4084
28569
7668
26551
32466
16550
11631
24517
525
25881
32318
11088
13998
20900
4749
18061
2754
9549
20627
6749
11469
25300
13825
15564
25360
11934
19334
32583
8592
29718
31426
12640
12703
19037
32414
7571
3361
22635
20385
6207
13154
21934
11110
32635
13603
5288
10281
17710
223
18856
10936
2917
6189
30871
3839
32130
19081
8468
24777
26507
22948
24840
9261
5988
1726
23139
25194
21121
30834
12603
31228
7463
11211
29765
3584
14071
15123
12866
25270
2853
12456
25451
31420
24912
23418
9936
25062
24229
11950
8183
16527
23930
7512
482
5022
19533
7937
2320
15179
9111
6453
20191
31778
5275
19970
32037
2958
23016
9960
31137
21157
3307
16230
9566
14298
4750
29157
17637
31081
4998
23907
4775
28786
2952
25066
23967
30185
17724
28020
27380
6251
6019
8833
6599
23417
27397
25920
1329
22126
30195
13278
4351
15064
13872
23053
29256
4047
246
3993
23989
18763
404
25950
4588
20540
14198
3006
29982
4517
28250
31003
29046
16578
18992
18107
9381
8651
21187
15839
21375
28793
29157
1702
25407
18236
4476
13783
24209
20858
30058
5723
17714
3335
4093
32451
4505
27771
26110
19192
183
19902
8821
11662
15467
28093
14435
31794
4627
19433
25531
24054
23298
19872
328
23042
11669
25452
4044
12516
20963
30586
15227
10796
19969
1644
5965
5065
10792
28969
7785
6179
19931
22565
17057
19357
2999
9691
11098
25027
6699
22603
23303
24062
21542
5773
14346
19308
11551
12627
28724
4831
18631
21204
23808
26091
7966
23614
28942
26960
603
15435
20017
20683
15550
27749
28123
31219
20719
14151
17519
17268
12337
30124
31371
24944
30316
2884
15902
18349
27784
8133
18306
28054
13896
21898
32188
12273
10615
6364
10093
26512
22749
4237
19624
29730
24045
14919
22694
30129
24827
21124
10423
16153
18473
20910
2207
12132
21010
1475
8985
6022
12714
8487
10197
7589
1424
32064
22269
11954
15763
18643
17615
682
11748
26595
32396
32669
12276
27763
17577
25358
17843
17667
19617
2288
15487
1914
28580
27438
18859
7329
20943
3143
2856
524
26694
27402
15242
24031
21308
23902
16680
14731
17277
17233
3275
26162
6581
27540
31990
20238
6229
15867
12157
21449
24470
20546
21409
11867
32173
27911
11204
26031
9212
19575
32275
24530
3204
18893
14467
19502
18875
16514
1222
22495
7484
28519
30136
27617
2215
18402
22619
5722
5760
27326
1779
13834
22427
17415
26020
2149
17437
15015
27778
22681
5594
16496
21386
16200
19572
15006
6601
10360
23079
15012
14701
11971
31472
21153
26425
18564
28218
30854
15457
17750
13830
26263
7805
12237
7407
14206
8671
20752
5952
8161
32580
20866
6601
7935
1624
17224
15315
19315
15175
18728
26682
234
1589
1499
1084
10015
2021
3449
18749
4678
18373
13409
6508
6238
1013
19595
21931
26325
29840
11227
11767
26443
20546
13226
3049
6661
20626
858
4564
14380
22829
1389
14167
12207
15849
8230
20257
7698
28665
134
14350
22341
7010
14293
9851
16671
29253
14798
20836
23493
3193
13032
24908
13021
24106
11270
17854
11030
22846
597
4287
11053
20873
24531
9769
32559
13481
6806
28576
2140
4864
11899
23612
21423
22475
26284
15844
3266
25353
16850
5320
29234
127
9633
3102
29833
29636
5096
20944
27
493
17659
3477
7686
1514
20717
2635
6179
13705
27313
10072
7982
18792
7635
24108
6739
15094
285
4830
17060
16428
26148
1345
31948
5454
14166
2740
1766
402
29595
16199
2031
21593
2207
6061
23051
23807
12781
11230
2136
6196
32056
13604
27814
31275
8529
4278
8513
24016
30521
8904
5690
13707
6725
13459
2478
8948
32217
23143
26053
5997
9477
5519
7937
4111
6591
16467
6395
25659
18247
24879
22365
30341
29885
17602
21624
25706
19107
13505
15982
4584
3989
19654
6064
8849
7747
19580
18175
6792
39
22848
1758
32293
5699
26613
23541
22530
19112
621
17815
4462
27471
19032
15132
562
2122
32364
15489
2322
31999
23785
17492
24323
11743
2403
17548
11229
31073
6742
1939
11200
25854
9620
21088
28967
11339
2381
31809
57
2580
18963
23631
9320
22750
11482
27769
31326
507
13948
21872
13426
8134
28957
16015
8393
14724
16945
14411
27868
5300
15029
26502
2715
16772
7591
15266
30742
17809
24454
28880
31583
6603
7225
27606
10398
5612
28483
7156
16713
23973
15625
870
10216
28962
21053
20095
17498
9296
18793
31998
18799
30144
25863
4324
21754
2020
32588
31155
24685
23710
22363
2720
26740
25921
24132
13767
5826
32307
13515
1608
4577
1908
19849
26254
25462
30887
7614
10216
9718
4361
29066
31731
24450
6431
22326
8258
6213
5614
10119
24585
22306
19128
30690
18273
16480
30779
15797
28485
5735
28111
6388
10509
21867
14980
7795
971
3949
6644
4421
11665
3736
6678
17657
3660
6328
27926
24902
10593
30470
25528
29221
22291
8768
10877
5688
15898
9111
5482
14272
8605
24482
3039
2859
5975
6433
32653
4312
3398
1534
18252
3658
11749
20886
14362
23971
11683
23551
27714
4340
23502
28301
21056
14695
29924
31373
23171
10522
11203
18364
27914
16624
10974
15528
13600
19048
28243
9169
19321
13
19230
31977
21571
15802
16274
2631
18583
23707
17579
24378
22575
32090
18306
15505
6662
30107
13774
1322
8191
15497
8167
1342
29576
3272
24196
11118
1685
206
27117
11135
15880
12608
9218
20245
26706
21394
15916
31129
13451
443
8142
6363
5114
12940
16769
25799
22960
31932
21760
27947
26968
1385
18760
1272
22559
30048
17938
8011
2080
32584
6506
11008
112
25379
17868
26161
4478
29315
26310
958
14099
25410
32204
20867
7923
15672
26745
22160
17581
25110
17707
7489
12502
5407
25208
3537
7028
777
431
25237
30499
6449
13323
22434
17404
32132
28201
17493
30451
12178
5277
19900
17416
17784
16481
21926
12089
22086
18792
12942
29134
30178
18719
6484
32566
11571
16001
29278
17981
5097
18637
6212
12583
8168
3503
14022
24750
24815
21301
11681
11177
13746
7595
31515
3747
4682
15580
18216
27744
11899
9268
12359
18925
25833
11372
30756
3665
13042
30074
7811
16348
9115
2756
23951
15985
32379
11116
21377
5085
22096
11293
29150
8449
2413
20305
2945
12311
28907
11462
3837
18957
23060
20558
9159
5765
30752
7169
31980
2998
17161
12597
17674
17665
13012
12149
2960
31915
30018
30776
5180
24276
7825
22969
22047
14693
27773
2806
22602
28217
32120
15998
28361
661
23659
16726
9023
12378
29773
7886
20734
31570
25897
6610
11599
32330
20222
30695
6368
27007
30079
6532
12375
1400
8762
12086
7774
31464
24946
671
12854
8730
8338
17884
12932
12703
21395
11190
19618
19990
6566
11872
23908
14859
24484
25191
8410
14050
14810
32491
6968
3387
7424
25562
17859
11485
16659
23214
14109
25066
20299
5529
7933
16038
1791
3281
530
3781
17402
18754
11084
29414
17259
28549
17538
8286
11025
30110
30972
13090
12575
22967
26898
1387
20921
28546
3755
6643
16834
28106
32521
21425
17692
19730
14070
30537
14671
17409
21226
18480
1033
15837
15770
32032
10127
2797
31667
17666
1512
16981
19576
10033
22042
22665
23371
12159
32110
19744
14089
4125
24939
1638
12439
12559
23976
30910
8882
1678
21367
4973
31156
32062
18370
7186
6799
21724
13904
9667
1261
24459
10275
10299
15643
19875
13648
26441
11967
29544
26957
23120
21071
20433
851
5929
27553
2300
17163
27507
14498
5307
23668
19209
23529
22813
19557
2490
14193
15003
6623
31317
18524
19204
5857
1140
25948
7705
28188
3620
1513
11834
14731
13903
28931
13632
121
20524
24335
27454
21069
22476
15025
15987
15847
13157
16753
19819
9225
1177
19822
13792
22007
4274
3591
10385
6145
24121
26116
9187
31313
4655
2694
15559
2316
22160
22111
30444
5952
10136
4720
23298
24333
19654
13287
15195
23481
32324
17989
27867
8514
18175
24374
9176
1926
5954
5995
8721
17862
13173
5061
29854
5592
13833
12084
9799
9466
15207
19955
1104
31493
582
20375
24961
5916
21090
30218
9394
19387
22342
27662
26062
25276
19559
24223
26096
17475
23412
22816
19643
17015
25959
17629
18133
17997
6773
4370
26353
26733
17567
8513
1146
968
31836
11335
16538
1562
9797
14141
23541
11587
5246
19401
7419
32482
30231
29249
12418
6747
25170
21622
11203
3066
17731
16057
10400
680
16128
31069
23198
14344
9762
11617
29870
32194
20979
13255
17785
14622
6232
20379
4479
8398
1815
26463
26629
20343
20419
23325
31078
12290
8489
4373
21235
28539
16589
17298
22085
31443
8862
32535
18281
7574
31891
6306
26376
6419
26544
12423
15154
593
1895
5858
27433
24478
27638
6990
26662
23862
29735
31284
1696
802
22049
13982
10578
7431
12033
16398
12504
32596
1100
18591
2128
943
500
10276
24856
31055
29548
5569
32098
23691
32192
25096
19177
29535
31832
12353
1223
27514
4528
30255
7413
18668
231
17995
19388
23342
15533
6366
21721
2276
17324
27989
22478
4436
25150
13693
23170
25906
17612
2327
10962
28412
28122
8419
13685
3522
7791
3253
1569
9173
3857
252
20112
28038
31555
29838
3979
23203
30991
6240
20695
24593
25001
30523
14981
9617
12298
17496
23459
5682
11750
3124
30738
12484
3819
7106
22747
30
13829
1688
20451
25012
20458
15720
27046
13218
12737
8882
9521
10714
641
31808
31759
25828
8470
1173
2519
29470
31018
14357
15402
10276
3040
18025
8734
11411
22923
20754
13102
21264
5405
21736
15306
7681
6506
17611
1807
29728
31817
30842
23256
18604
21255
8983
27916
30329
18253
2434
7813
15356
31565
10599
447
10460
28557
28244
249
25680
9308
29440
22808
32286
3217
8533
5190
31419
5864
19615
14565
32176
5828
7619
32519
23540
11519
23046
4165
31397
31952
12712
6996
11542
30876
23542
24220
18381
26132
21369
14930
21683
24733
1297
23684
16212
7347
14814
12056
28324
32391
27684
22828
5232
14778
5153
25405
302
10169
19042
24253
1427
19945
25033
22443
23012
11359
21506
20534
9640
24969
2021
5152
6373
30421
6600
21308
4835
17900
25203
10227
4306
21977
509
30830
4492
21236
12417
32401
16921
23575
1863
13482
8546
19272
22891
27186
22535
24468
3067
24017
17405
16784
10701
26436
11812
17262
12358
32131
19139
31068
18069
15133
1112
22135
14800
27736
8928
24090
13514
12375
10329
12594
15167
18443
13772
19110
29811
21362
31467
7579
18983
30508
5340
31740
19760
12843
22368
13139
12775
3264
18004
10622
2806
16396
994
29353
12781
32350
10901
23891
2427
8889
28946
18675
30176
16207
4032
18276
3271
18550
12136
2250
5698
29465
10864
25969
1397
19303
8410
150
4069
2576
18941
31423
32535
17415
3418
31232
16611
14938
16069
29157
5962
19805
24716
3258
6513
26609
2306
25385
31724
7532
30556
20246
20251
11809
1702
6657
3852
13400
969
3850
245
23796
30408
5162
28395
17607
11649
24059
23337
23850
18709
5337
16582
6146
13778
23031
26750
3356
20429
1670
15530
20545
1367
16047
24631
18720
2760
1487
6411
3013
10738
26854
24297
29159
25098
4092
5239
2842
27540
5796
6331
25426
18013
28563
31738
7456
15951
20176
13191
28228
20085
8592
11433
13125
30764
31393
5999
2027
1824
3501
11989
8318
20816
23399
9298
261
19708
3149
10605
9594
21741
10031
23222
14239
9793
21627
3079
3210
2421
14015
9877
21969
13059
3209
28176
14282
13982
20339
6800
20458
27284
22461
16819
9217
20401
13164
2587
29858
31839
23467
6354
695
10396
17053
4352
447
19154
22421
23236
11787
15443
5936
14044
20403
5846
2164
26922
22723
27383
10183
31996
18109
4685
13328
21110
32016
13908
6679
17707
28662
12314
21949
20635
11408
8976
4187
8160
5351
10292
1831
29286
1034
1344
23587
12385
12
17989
24513
28159
9574
7857
8443
30028
4311
14670
9543
15131
14939
5514
4462
25609
30131
15065
18400
13136
8791
27055
4321
26018
32370
1078
17493
5911
3621
12146
9421
25489
6599
10300
9958
30201
27592
30216
16329
13034
12323
2075
2355
6243
9497
24664
4346
19574
11945
14770
1483
10660
21391
5757
8787
24635
13444
22007
15300
155
11220
22179
12341
29419
30016
17887
7423
1412
899
2989
17640
21429
672
17493
24948
21370
29612
28694
17002
22799
20582
27583
6698
21536
14991
25525
9504
29408
25759
17797
32312
13293
7947
15026
27094
16533
18145
29224
11378
11689
14414
27729
8615
31139
24835
8287
15386
19350
7231
10254
24110
5873
9174
10690
5954
23740
5916
30576
16547
19372
25170
19324
14646
31971
11989
13115
5697
31749
30143
4489
2956
11703
21671
12889
3221
94
23895
10999
15428
8084
18279
14620
10268
9043
11234
32194
1935
26752
18701
20289
18370
26942
13774
28839
3999
1996
27127
17218
8118
20382
4672
391
32031
13529
19561
16750
13848
21218
8606
24284
17090
6041
25282
1359
3084
10535
27664
23216
32357
10533
19181
19410
15761
16475
19082
11679
4695
6923
2450
19659
716
11853
27828
8290
12586
17340
1909
8744
7447
24867
28267
21098
14002
11956
21400
9096
23160
32448
20263
29695
18578
3765
19608
23693
31211
397
15842
27243
22752
28863
29629
25724
23308
16686
19450
29870
17774
11824
19528
32165
911
13737
14732
1854
28195
15483
18811
798
9505
25451
11719
13645
15606
6441
28123
19251
28189
32446
19898
7717
14845
12387
24108
17728
3989
29991
17441
29943
26134
15553
19111
14644
828
11054
27810
22990
14002
16047
12518
12149
15275
23826
29967
23035
11566
18956
6420
10113
2426
12516
26393
3727
9296
2148
4299
25571
8119
10382
11521
28510
3672
28254
17971
12777
16950
16964
17348
4376
32301
17112
17886
13225
18492
13787
27967
9427
30251
13850
32211
21198
15875
23956
21710
12221
5881
26570
18526
8884
3991
30915
14564
4413
26890
23034
24851
6213
18318
5871
19486
3631
6963
28646
18066
7717
3102
6603
8272
14245
12505
14048
11131
11181
9476
23722
3596
9139
14906
22488
14630
9509
29899
12246
11039
3777
20816
12323
1678
27602
28659
30280
659
7146
13775
12245
17914
9288
15456
21599
24731
2791
697
15449
19423
22920
17333
32229
9482
23041
6165
30120
12667
17257
8964
21021
11957
27280
29492
23721
30122
5832
592
5153
4697
24189
20509
31043
7799
26116
32370
11829
28534
1366
3716
16020
32228
14409
28634
3724
21929
20329
29927
3020
23664
7704
30876
19426
19704
23913
3144
18496
27603
10662
25703
24728
13216
25372
28394
14624
1142
20862
1229
27303
17366
13206
1226
20301
20513
25584
21603
32517
13326
28022
18451
19438
9330
20939
19274
16120
1063
23997
19521
14874
28532
14039
28540
32201
10793
20377
25170
23611
14601
9899
19333
25962
28908
8146
21653
19348
23423
25659
5642
10369
31552
2601
21656
10355
13798
19134
29875
28766
32268
18262
21924
22920
15003
20050
25836
21854
25582
12804
11872
30962
23698
6901
29946
20528
11463
18777
31750
11625
32215
30783
6133
12945
31696
1930
25012
19991
8651
14448
32530
21986
26276
8948
24150
20383
17813
6455
718
20024
14269
28747
5040
6346
24919
7385
18027
4169
30450
15429
30964
32089
13462
529
24663
6348
10868
4949
4999
15759
8283
8514
29140
17340
25269
3567
28744
2260
29076
5488
14485
8716
17369
22493
14346
8720
7724
14212
17565
15424
24347
18708
22926
25640
5976
4698
7437
20590
20134
1682
25517
1321
29608
5657
15932
14899
9844
16851
18962
5786
21322
29011
31665
21254
27805
19782
28427
24953
267
5753
28790
14717
27558
23625
27900
23652
29324
5122
18497
3576
20806
25913
14824
6763
27199
1530
19455
21304
11300
15366
24466
12551
7564
1858
15407
16739
31512
7120
8892
13253
25017
10538
9122
31204
8285
30225
5117
1041
533
6091
27911
10958
11066
32209
9395
21427
455
12719
9701
20493
2742
1378
31374
22641
11244
31045
31060
24854
23470
25892
23605
20313
29797
26271
3375
22905
9471
16862
12678
3648
19425
16368
3074
10971
29710
10510
12780
475
10653
16228
18027
18139
27750
6616
31573
5903
11620
27828
30275
3946
31930
12524
27714
11752
23625
12562
20015
7162
3055
19976
15206
21684
6808
19402
8187
25132
4244
10611
26479
10704
9595
28231
1121
28764
9571
28687
14686
25240
28394
26063
3739
2200
19757
7277
13306
5640
24133
22924
13913
2687
14539
25455
27363
2434
6188
17257
17036
14997
386
10995
23482
24124
4117
27178
8075
5494
27235
8457
996
7652
17948
17247
11028
32114
23339
10797
3429
17627
13190
17294
8359
12577
26383
32024
3418
2220
2182
17209
28856
6477
21012
25230
28297
14626
32182
16161
27968
7384
10064
12216
17037
14987
7123
23130
22052
18688
4784
12688
21531
14250
31776
10408
28660
15508
20662
24530
29918
18888
9246
26528
28557
25744
9901
19955
8567
30073
16103
27936
9484
14498
30171
28841
13831
31367
5837
12673
28827
17946
7213
28280
3557
5513
20915
31773
11171
30665
29909
20942
2272
29084
4767
22690
20680
10560
27509
4897
4256
10454
17156
7075
19788
13311
13354
4512
22693
20946
26185
23805
1608
17681
23336
12520
13145
14576
31238
28292
15416
27021
32323
29254
30399
958
1413
30072
5998
24704
8953
4
2879
7428
6889
27971
18388
24773
15210
16692
24323
26629
11433
31236
17040
8520
3295
11422
6271
22885
14766
4455
18426
4650
18995
12573
635
13363
29372
8251
31856
21852
21707
10774
19534
18853
7048
29535
32393
9499
13946
30326
22694
14845
2574
19063
1306
30422
1762
26808
30059
21780
18085
6880
12181
18694
3796
26230
30532
22804
28485
10618
21325
10851
7206
11778
21288
28119
8333
16826
12293
10512
6276
22668
28823
23411
18172
28799
5731
30763
5560
20309
3815
6769
23279
18749
10938
14917
8691
2658
14376
31785
10704
23522
3759
32582
22150
3904
23591
18896
28414
8724
23604
9282
13217
18004
19979
22694
7930
18994
31846
25510
31616
23856
32517
12762
26430
26272
1210
1126
24476
3188
28839
3211
1376
10201
25864
13952
29264
14263
31044
30843
14301
26581
20728
19322
28535
32256
5371
14322
11053
27952
28475
6462
3725
28995
7630
26420
25992
27803
31019
30180
12474
19303
25949
12353
21479
28448
5435
23275
23917
5982
19129
26913
15041
25510
22212
24144
8155
25788
1738
7027
27904
16962
28084
20510
30724
15463
2516
5008
19377
18390
12427
27355
12722
11453
25756
13799
12526
28788
19251
9577
5102
25558
22430
30976
2176
30482
32066
21703
31597
28232
17120
682
30909
16638
29183
27717
4743
20724
20700
1730
7717
15272
23763
19104
30984
21598
22285
9798
31785
21290
9353
8833
20132
30741
1677
11505
26051
18470
2029
11503
12863
9372
10064
11282
16432
19300
17990
29736
26822
21087
14459
4365
8824
26044
30247
9572
32256
31801
28752
30202
29732
21203
21790
30715
20941
21500
13884
2818
19891
5397
31410
22660
9322
20358
20851
5838
32070
10621
31052
9808
21549
17631
9909
11447
12811
25010
5998
29142
7993
27620
32671
22287
28887
2780
27587
19080
23463
15355
30243
5148
5264
10191
18071
19088
14523
15434
16009
9276
15536
9471
29460
12025
15226
32005
10909
18355
11429
3257
31468
27330
18766
4155
24684
10913
15953
25129
14034
17243
13081
30895
24346
23969
10834
27052
5713
9480
21321
9541
3162
22942
2174
17641
10617
32181
29025
12133
9463
11579
2842
26931
5873
3249
15740
13055
2812
4732
5965
5820
18641
13772
22093
13960
3065
19213
32076
5892
15082
1647
27674
14727
22998
16820
12993
10534
29908
15116
13100
8239
4309
3952
4580
8793
23147
13190
30778
21115
17680
8895
16347
26960
7443
25848
18773
1377
12852
26512
31950
4819
14432
30579
17858
17530
18358
28256
16432
1577
1177
24088
18267
29393
27704
12542
9163
12241
2447
22563
14304
6432
29311
13175
16382
26875
23635
26977
1223
30754
23170
24503
15292
23124
29252
30866
17409
30078
6423
6726
29375
16530
29685
25129
15428
6556
16565
11960
13437
6487
14963
28166
9025
29985
1497
21060
15942
24271
16733
13966
1118
25705
14715
6918
13110
6314
30812
12211
25189
18312
29727
27239
29767
10444
32374
7269
18096
25946
19467
26939
23346
23127
29106
24811
4174
20511
4356
21493
31353
22902
7588
16552
30109
16923
10290
30104
9526
23159
29504
13771
19180
2245
17056
20425
8481
22187
21665
12643
16514
13559
18637
3724
1360
26003
24332
12904
27317
26300
30172
1578
26669
22743
32232
16927
1645
11024
15580
6596
7984
24961
12541
1147
3230
567
12973
2320
29382
9487
4248
10962
18255
17693
22267
17336
18687
18622
14850
14224
14981
16452
14042
244
26984
6577
28374
8520
21431
31403
880
31159
7344
6224
20914
946
29235
16216
22340
17438
2677
19840
19129
11540
31490
8149
1191
28277
22487
28701
15992
30357
19143
17990
26537
6260
10566
321
24998
30202
30737
3458
22079
26904
18941
9679
5171
14154
30896
30138
26858
24508
23497
9173
20029
19679
23678
11301
30349
7876
4472
2601
18778
9316
28706
31802
15824
28283
5775
10459
12474
12084
14931
8438
22176
22182
26296
8427
17062
3244
26121
3235
9806
19760
30563
29130
28122
1249
19514
23987
12482
6281
13865
2859
5428
16966
28541
22304
16714
9262
32352
2449
17473
22710
23609
21209
1413
9689
18554
25652
16167
18537
32700
17585
21730
4576
30085
29356
30816
19288
10466
1124
32578
32054
14718
20705
5846
23426
1179
13597
7469
11166
18121
18380
22230
169
2312
16650
31777
10369
32118
382
12389
5094
24953
32631
24963
26867
178
28397
19803
18362
3576
15354
32412
5476
13555
26140
31220
25339
2236
29978
4163
14704
18792
7925
23072
15670
25640
18711
17544
14438
3868
21884
20032
10989
29626
10019
8469
1267
78
30669
4533
10320
12916
31670
17553
14964
31373
26206
15815
12497
14654
11884
32176
22136
19983
27913
31598
21037
14282
26589
21067
28907
25774
15208
20079
10585
619
13843
12578
29030
25405
17143
1103
6104
26468
17915
10414
24622
18302
382
29097
8192
7741
2155
7568
4444
9568
24133
18529
30372
17280
14633
6942
2219
17904
24732
28955
30897
29566
24193
30846
5241
2698
9757
29352
21285
13964
30693
11504
15976
5821
8000
4540
19455
4404
12822
19861
20528
25456
14526
29566
14995
10981
5971
20336
19223
32186
14390
11649
24008
7579
21020
18405
20627
21500
12958
19837
24254
8452
14579
1637
6811
5038
8962
896
28262
25497
31155
427
16924
14949
18436
14558
3193
1081
23269
13076
12827
7330
3765
32400
9822
16051
10665
6807
17920
17600
28965
23907
23680
32217
2721
17866
12683
11452
20303
12923
23686
9602
1136
21649
28918
29976
26818
25277
24309
1792
14902
5596
8124
23442
15771
20367
30398
4774
27811
30462
13451
21506
15685
5997
316
30898
30728
8237
16613
17918
18825
19672
9487
3136
9727
14467
29414
4530
13406
28201
28272
23205
18701
27701
14261
7795
32525
2229
14179
2529
14559
28492
32031
21903
16669
4551
10837
12392
25988
22408
12510
3027
15744
8197
19883
30979
22586
18386
15364
31820
19606
20378
9911
1307
6205
2004
22813
5829
24949
15307
8850
8191
2597
16923
17259
1145
4343
6236
4966
30120
76
17257
24018
25989
8475
5458
12451
8059
21187
13703
4090
27029
18215
22417
10392
31093
30026
28740
14338
1602
23323
28882
29180
21096
8660
6923
12154
11695
26342
24943
11229
10650
19989
31115
491
2024
6129
20117
31353
19569
17057
24065
5023
20843
14694
14143
28552
18066
18951
23447
5899
8573
32204
4765
11362
14067
3716
29539
20314
31397
32361
25155
3231
15478
23734
5754
16052
10230
30444
25286
18323
19568
8672
30617
32415
2430
25570
9502
5954
26032
7219
18173
8469
4741
19066
31600
4911
12932
21409
4790
6330
23537
4107
17331
3489
19502
4546
9775
18118
19830
26601
15009
25035
29276
12086
25408
27924
32750
32261
8594
16738
10520
11549
12131
25305
7040
9428
8616
12315
20395
12560
12153
2697
5098
27900
30422
31633
25351
6700
11446
10083
17817
11608
3398
7709
15900
1439
7453
20778
5617
8631
23438
6924
19126
14660
27158
25736
22862
26353
25680
714
13641
2764
12203
28309
24900
15038
27040
28016
22076
31204
20168
12817
13719
1499
31959
23103
9009
21498
19757
1213
6761
22261
13616
647
6845
22515
7528
25451
9771
5352
30666
20078
15658
28803
2421
15154
18877
20153
23425
14899
17568
15227
6769
1603
19796
12262
21277
6727
28505
13490
30696
31480
25741
16251
26720
19678
20036
31463
22851
11141
7241
12403
29291
1895
10919
17728
17347
5326
1198
10720
20995
3685
13624
16319
28583
15090
6652
3425
24097
17988
20787
9556
20189
4602
3720
25181
19314
11140
28137
3561
20437
4398
14454
11407
31004
24796
330
1792
5870
28570
1460
5203
11628
8644
21984
11613
2295
10307
30885
26438
27858
2019
32472
7736
8530
1137
20495
6060
13767
12779
25711
13935
11820
2746
7353
282
3064
31335
31589
13911
11601
20779
10062
22777
23901
3301
23019
129
9238
20766
10481
20802
27554
18445
31874
18967
27874
31544
30992
5136
1131
31535
11615
13123
5332
27155
29427
24183
29422
11692
8384
24081
1011
12817
30075
8487
13685
16077
30912
14963
19085
27866
32678
11604
8486
19593
807
23991
3622
16131
3145
5233
16051
28590
9127
23576
12408
13921
28543
300
19043
31738
32040
15058
27423
32641
6240
28731
25069
4764
3198
12606
14934
4306
14683
20333
2743
30106
1817
3968
4424
2544
31206
10636
23269
10923
28731
16692
29315
9630
29648
9598
12237
7152
30494
689
9997
15599
24284
16190
31801
1314
20629
32585
28278
31243
27914
16660
22801
7072
24234
12066
8876
31020
31273
9117
8910
32748
6326
27401
27076
13888
20757
6936
3670
10007
18029
19677
12406
17838
26934
14467
16299
2693
16496
4859
18342
30419
7867
9470
3318
3254
2250
23860
8080
7838
2051
7671
14440
8545
11765
14809
15107
26838
10964
30885
2941
26500
2766
6462
5439
11926
29622
4937
24077
992
5643
24150
21740
28769
29212
15029
13257
10838
5028
25299
18087
12914
31671
10924
14970
25783
6846
25939
14762
6566
31116
28534
5043
17788
649
30734
30995
18330
16707
3928
29768
21729
26778
9888
15422
5237
32041
567
17457
9972
9027
10565
2236
25806
17788
7715
2357
10502
4700
7223
8294
31311
11612
16157
1790
21774
24850
20868
13831
15731
9734
4259
7936
6510
27431
29689
17186
7924
15045
32656
6843
25506
6190
20881
31057
20323
18454
31427
10966
23655
7999
17392
27069
11114
28819
18700
1431
951
17838
19815
7475
23350
12812
23272
12082
31548
19250
8452
30542
17296
7515
7813
5748
28080
22026
27691
24386
1813
21376
31882
20549
8602
20891
22588
18620
30246
2660
17468
23690
26111
21002
23224
22363
27645
31712
27985
32473
10109
12110
2686
30535
14177
16771
13864
21903
7242
10812
20619
25953
19863
16258
17588
31159
5537
3599
27333
16779
9711
24945
4294
4696
9500
24806
22350
25993
15487
2868
32273
25996
25710
21957
24293
23298
23178
16541
11393
4610
19988
21122
5326
27416
25360
9816
9555
15181
13669
31799
17092
25105
517
7808
11142
5013
3216
23725
22392
16814
15541
25462
5638
19741
18185
21304
3608
15492
469
9075
14889
7720
18135
9117
9562
29959
30643
16208
3320
8625
25426
5471
7329
6809
26401
28423
16827
32647
14282
13847
3482
8003
16761
11896
19542
26167
2199
28988
22766
24705
24659
29912
19948
348
11537
20454
31865
15784
15720
22887
4684
14011
3322
21264
2450
13929
282
26590
25766
5323
24518
31436
20942
19433
26149
1808
8728
32006
31831
11516
228
32507
4353
29769
4202
13472
10146
19961
31232
26091
6500
30192
8115
9742
28850
32188
28476
29800
9337
2001
23852
15855
18603
3072
18824
12298
3637
25519
32230
28110
9504
21977
6065
11240
16483
26765
1972
32569
7010
24396
23271
17882
30159
812
16108
440
822
7004
10067
16320
18466
23111
8052
15893
20334
29972
12078
28531
1763
8464
18315
14735
27383
19464
28395
24521
30245
4692
23276
29519
2250
14035
20717
23859
13153
14061
1203
9939
30019
32268
16185
2166
7924
14819
24197
32147
6001
25145
14783
10751
18635
11465
9113
15011
28861
24375
10155
8274
32444
16088
13804
2703
2445
16290
14905
25614
15106
2362
7257
16933
22847
29359
22431
15375
20835
13086
16366
30356
22561
14091
9330
23595
22924
20470
20238
31076
2500
19750
25121
18692
29960
31356
19675
25286
28219
904
30967
31610
12139
20202
29551
29887
26833
3982
9253
24116
22302
1773
12124
16821
19098
17717
22098
24511
19809
6609
6898
8390
20335
24653
3395
29650
27630
25454
32725
6793
31713
12722
27388
32287
16070
29765
1375
6304
27271
8950
2808
16713
28843
19805
21056
17061
14146
8976
10723
3178
26826
27224
2040
4852
22237
11897
22112
445
14333
7237
7818
19917
18857
17740
353
28890
5197
22438
18188
9549
14195
16860
25718
24339
16652
14391
7023
29897
9069
8770
21693
30816
25124
7403
541
7676
1661
30571
14539
17269
22798
24224
19417
12942
15992
19487
30758
4963
27115
17432
12917
13437
24777
30327
23241
20824
1879
30107
32446
22491
7931
26205
28464
22786
17232
21225
15433
20578
2995
9086
11632
16893
992
11723
377
21864
11923
19762
11732
4325
14813
3065
29267
9904
30086
3817
27021
27259
30811
12966
17575
31877
12794
7045
7141
884
27467
24149
11248
28104
28792
25148
31357
10052
19388
10584
13196
30271
6455
20328
6936
20646
4174
17302
11708
26575
26633
3028
32105
28195
14406
15883
32230
12552
27203
19719
20343
3394
12249
19571
9391
909
20731
26891
8960
18122
27669
32708
5199
1240
1601
35
27238
26275
31993
7123
29628
21459
5047
12034
13237
27089
29749
19127
5913
19924
2334
23552
14363
3330
7961
4201
5101
7527
12606
20932
30336
17983
12838
280
30635
15737
969
31202
12187
9266
9424
23744
18174
15199
25239
10757
14870
11658
7144
21107
3169
8756
20699
5628
17723
31471
24877
19932
23678
6669
29368
6484
16553
26145
1679
20867
22240
26000
17349
10980
16280
18590
29580
67
18790
2145
4856
27856
20002
25712
15181
6273
15617
222
29308
27535
20248
12688
14809
17303
21054
8142
27125
15967
6370
27233
5886
15359
29727
10319
22951
23489
10214
20939
28000
27823
1971
690
7435
5216
23803
19814
29747
19514
24319
27810
6989
18177
24170
3662
10782
22052
21942
12598
5174
32736
20977
8957
8134
9457
7722
4936
6142
22034
18002
27859
8329
20333
25884
13496
14471
31060
17139
5040
6110
19381
4807
25858
8837
742
5121
12828
12768
14959
4024
25004
27917
15304
2460
5281
21892
7365
5113
13073
3603
11022
149
1708
14071
6037
9975
28676
583
24212
11051
18317
24746
1630
5824
21202
22251
188
12384
25110
12676
16484
19712
10772
25607
28057
22598
16717
28349
4755
2131
20455
9616
6696
7144
31933
10220
4242
8273
29172
16876
16363
3890
30432
19374
32669
6907
5339
27760
24466
15203
2078
27534
15765
31192
23916
29249
19727
8338
4334
19841
9915
17780
19016
24600
6064
13489
28044
2456
7359
32148
10321
20345
16554
22180
26059
4697
29046
13511
11386
2518
21157
19420
21374
9798
6097
15793
15727
20494
3259
32511
23040
18693
7560
28842
6038
13549
29557
22039
10577
701
4107
12324
5613
6393
14921
5839
26445
17424
3874
29273
2622
30275
6142
28469
31112
27982
28617
14024
12082
19094
14497
22927
2609
5961
29132
28150
24246
3724
8038
12717
17052
23629
10901
31230
22344
18456
27396
29261
21993
32723
26550
3687
31371
26355
3861
12558
5686
29520
27573
21957
4039
14707
13535
3936
28412
22196
1929
25516
13492
26703
5674
30471
16121
13068
13133
6492
18223
1994
17534
6313
11325
19932
26816
17351
12857
27849
28524
17116
11464
5012
8681
22874
10459
5208
23620
18509
7758
14263
32384
24081
31066
3086
25032
19301
26503
18734
12951
5202
17240
27108
23135
26104
15784
6458
233
16663
31538
503
7994
17292
18534
29598
9083
27109
17750
10410
16121
25747
32544
18028
9448
4862
21467
28603
16968
24905
14752
30710
19686
9324
4358
27844
28916
8837
3820
18807
25233
15444
278
14234
10747
10017
15554
17627
9958
21771
26110
28449
282
3181
29217
21556
2551
17788
20331
13064
29771
12320
30578
16730
15712
16981
24997
8425
11217
25186
20165
31797
26229
9855
15829
861
22302
15958
1715
9778
21155
26977
5651
367
22870
24496
6730
346
12434
18796
6113
15616
6068
19417
22694
416
28797
20847
30578
28312
23662
1301
28308
24272
3658
32569
1622
11543
24735
24123
19671
9645
10192
29185
24559
12244
12185
17784
17796
26287
25063
10013
22104
31149
13885
23693
23290
16637
16038
27514
27153
31611
28874
21807
23286
10235
10076
18538
14097
23658
18854
10201
55
25111
3274
21045
25002
14025
23454
23479
30026
24370
8207
24306
11729
14262
27173
13852
13031
9528
18133
19501
2869
12352
523
18418
21609
12641
3381
6618
182
18026
21802
28618
7393
19611
30671
16654
441
5276
921
1765
1863
29093
14504
19712
22478
9725
9412
4041
23610
842
26935
23771
27446
24121
792
23791
26602
12614
3127
21715
21698
31536
7312
17895
2700
2662
14754
9480
17287
32523
6865
8594
32241
23094
30589
11441
24821
28992
5426
23521
19129
4345
25034
24595
32193
1280
3905
7587
1943
5161
25659
30659
29228
21385
17992
7385
7477
30273
26662
4011
15393
30958
70
19473
26932
13339
31012
15454
1458
445
12002
16214
15043
13950
766
15678
24169
14349
22747
15644
17227
30303
27449
4571
4603
32393
23666
4546
13762
16957
26878
22823
9931
2001
15691
23571
28423
17200
7579
247
11983
22730
20551
10594
8684
37
4178
27710
13644
9315
14306
22421
8517
15799
20447
22189
13290
12084
17276
21465
672
14661
7218
23547
6568
2447
25641
27720
29715
23965
6887
10649
3617
3711
2418
2852
16290
12260
14587
274
15286
13864
22677
21017
5823
21272
31795
20942
2825
27160
20672
11280
24676
8393
9927
20622
23123
10750
3776
3068
25679
30066
12218
4921
23323
28491
687
12098
19913
28424
12925
22385
24766
24132
2587
23073
8340
31777
6202
14967
2650
29426
295
9387
23147
14934
23911
18640
21126
30853
32036
3772
7075
16968
30223
27707
12150
14751
810
12682
20830
8141
29516
24175
3560
30727
11550
1334
31712
21707
11404
26403
4468
23115
20421
20710
19320
25917
20223
19423
9398
7618
21568
31730
28292
2781
21962
30744
975
31620
6026
5775
2837
20220
3444
1050
3008
20164
17008
4235
32415
26887
25857
24878
14624
11032
11391
13461
7768
24622
28505
4513
24753
12582
31859
7817
21148
3772
5978
29436
19524
4163
22679
843
2040
17812
10539
16665
1664
17267
6568
16551
4170
28255
29510
6266
16381
14427
4775
19392
11902
10970
25028
24168
22596
11928
8244
13449
10079
4055
5717
5474
13594
15871
20950
5312
21003
14945
8060
17488
12973
4688
8129
24829
17019
7573
4485
14088
5916
2755
16282
12874
18595
1938
25520
32400
5079
3089
19117
16056
7859
31782
5149
14266
32599
29530
2087
22420
16618
9121
13541
15997
4537
14459
19903
25488
2445
11331
9470
5278
3745
28234
2406
27526
19308
7399
22351
25120
26377
28481
9823
28732
17805
14161
10876
5641
32103
9489
8297
24502
27238
10403
29682
19927
22176
31130
14153
8336
5432
26237
174
19042
8805
8153
21859
18916
26627
14157
28210
22634
9565
814
23489
15929
11412
1088
24135
13185
12216
19358
9753
32762
13097
13156
10214
2482
27275
1402
14667
13821
18741
26735
18410
26241
26259
6884
11994
30344
698
10935
29679
27562
30410
28108
4063
3955
12476
3785
20988
24107
348
217
29170
8638
32597
8757
30544
11802
4463
15783
18586
1860
21981
30719
28927
16327
5198
1804
32161
6380
13224
21561
14525
23718
19559
26029
762
3049
25576
5448
6244
21122
9383
15763
12429
15488
805
6486
7861
26488
11944
6934
24716
23778
28872
32361
26585
26948
13894
17854
23738
7809
26448
15271
7187
15953
29957
26513
20265
3196
5518
12868
10029
32530
4052
14142
2302
28043
13190
29848
19239
15919
10659
13245
4514
9219
11630
8676
20632
17898
30051
8150
4342
8784
7995
21815
14154
12645
20945
3086
18171
10890
31567
17930
27028
26652
6558
23942
25465
12175
22211
22780
5359
8763
29302
24635
12318
20000
30150
32573
27191
15406
1377
4922
8082
29846
21145
25374
10301
16394
10996
32047
29712
28561
31137
83
29438
11058
13799
30708
20463
12863
13597
26197
6691
5846
9862
370
8873
20642
8937
893
4397
2473
12653
16509
1244
17002
28385
30514
31721
22896
9264
3094
13763
9422
3174
2524
20889
8921
21075
25486
3248
20986
26986
2278
14669
32272
21790
26150
20723
17537
13738
25987
25095
14002
2249
30848
2763
23894
30836
5260
14606
28020
20871
26260
32703
17113
20368
19982
252
10791
21226
28791
11526
12130
20922
27392
27657
1145
25624
20642
12881
9697
12098
16295
31760
10761
11114
27152
16295
8958
19257
28962
2763
10300
27604
27860
14506
333
10177
25754
31944
104
11958
24462
24539
26369
8181
1705
16804
11447
5243
7255
31836
13239
2535
18780
25577
23659
13978
28550
3238
1210
31550
22380
2880
19930
9582
9971
14523
1632
2796
6939
29513
19638
11367
15
22104
26855
2680
22324
31162
31532
10006
888
29076
28518
20845
12490
1582
11325
20886
31849
27784
12090
21850
10245
11826
13800
7880
23204
26722
13961
26864
7857
6165
16804
16111
27953
19074
28748
7354
10985
16095
16791
8487
1180
20480
15457
23530
5236
23059
20769
23085
11019
16959
21028
32715
31555
19366
26414
31502
16589
32483
9246
13377
17830
5799
24786
549
27594
9690
6958
10217
5275
306
2735
12532
26721
24522
8135
8788
7381
9226
28576
12645
27178
20359
1975
15063
25316
19073
21309
5325
23337
24824
7922
2686
30992
9481
24214
22369
26605
18434
8687
21386
32081
28933
9669
12915
26378
8676
8198
14621
13824
22617
19651
10260
19091
19339
23651
16747
19361
27437
12816
21129
27114
8048
25590
32022
15978
13932
9622
8739
4742
27991
12027
19995
21988
6529
21094
21474
28189
7842
17533
26842
26946
7621
8632
2949
27840
6534
30324
18876
32468
12851
32172
7012
340
5585
27868
31211
24887
19916
31339
9386
7937
13718
22115
7601
26778
6969
3068
23148
1542
21601
13592
26336
22207
28711
3948
21016
3701
8029
23980
9703
17436
29405
3525
27577
16223
10485
24500
21484
15526
28812
16197
31899
8421
19063
11649
4247
19148
1751
30055
1737
22449
17956
31217
11746
20246
25367
12851
26592
14435
15427
25312
1167
8948
31194
21331
2499
8538
9646
7820
27575
9516
14620
22399
16287
2422
9809
658
19954
28290
22452
25765
6618
21046
10801
23283
30352
3325
1155
21856
6978
3017
24411
10145
20865
17496
22488
13375
23091
31112
16224
30478
30780
29223
2452
11087
14339
17750
31417
13403
1630
21526
3709
3693
31051
28780
14517
24436
20545
3809
24404
18155
10648
12307
15957
17872
13904
29800
19495
1785
21723
1216
11944
29225
28506
10112
24149
19285
16724
31264
14113
10698
17548
23507
27596
20944
29754
7826
6755
28124
22916
4235
7693
19213
27598
24695
11276
5964
15095
17411
20313
11803
6470
8205
28663
17317
3709
16196
16554
13388
17671
25618
12152
27023
24042
14228
19155
9180
10185
16360
30482
2881
6348
9401
19817
12259
8969
6556
3884
7556
1658
19046
15842
21516
9051
7761
8756
22987
836
4941
22888
12955
22290
21407
25291
20934
826
31843
7152
6968
969
21591
9314
15108
29962
28358
16127
268
25913
26416
30924
2338
16257
1746
8886
18077
8187
15839
1372
3331
13339
26331
9103
26111
29328
19227
25063
28557
28979
21533
32598
7111
28502
15882
29779
32377
20047
31810
3038
23369
10698
20882
23315
24997
3329
25126
8685
29353
24997
15907
6433
28528
10464
4154
16102
25895
22111
15448
22004
30379
16683
20239
32680
8771
3450
10000
9202
29826
13933
16024
14126
24606
30261
27500
24532
19715
14032
20614
862
32693
29972
5434
23433
15515
4992
16985
25246
342
449
26175
10007
22829
22952
21909
27804
12261
8647
1790
27115
6448
18834
9385
28883
18804
10924
32597
24367
30535
26193
4849
23876
2964
21980
17815
10133
26882
30869
30323
28660
10750
20730
21116
17173
32519
32525
14783
21913
22015
5372
18574
9523
9565
9969
21617
30728
7474
28335
23921
30261
6711
1807
6378
24282
1534
17167
21410
13269
20939
30732
30126
9420
28774
14836
29460
1007
7604
1076
26858
9302
24989
6565
3902
11172
3674
2390
1187
7684
229
15800
18704
15744
9450
18262
533
15103
11323
13273
23384
12564
3157
13762
694
28244
11081
10460
24585
13955
12243
6922
15718
22398
10022
28855
7407
14493
9601
32722
30284
26773
11611
5072
1613
8156
882
14561
16339
13007
9402
27682
17897
2286
21981
25119
9052
23463
14961
31936
13562
16688
3278
17720
28690
23885
28155
20021
22409
31651
22492
18005
3698
21702
584
14901
1971
20702
1652
4464
22251
16461
15030
12591
8026
15481
8995
25279
2625
12389
27230
9271
3780
27247
8305
25789
10752
3632
31769
24013
28312
18178
3525
15947
4016
14713
14812
13305
15318
25485
27343
2921
16672
24825
14806
7742
3110
25309
20482
6925
8296
5977
30689
23030
10525
16248
17042
27794
13840
18277
16824
26488
8430
24169
10883
1861
29662
18953
15472
19104
31483
252
311
26235
28375
122
27081
6444
24282
18426
28437
21730
12002
29976
13247
378
7227
6882
11949
12614
21139
9630
9449
5148
8765
25999
11244
14221
26027
14574
5150
15044
5297
16106
30166
2110
26808
817
10731
26382
19900
11014
14678
18727
10341
23203
17997
9120
14959
19262
7044
22941
8941
24476
27958
21032
8385
28367
27140
13523
23102
31317
96
178
32113
5734
14319
15567
4426
28904
11488
24791
18530
7465
7613
18550
4850
6145
4884
2891
3529
22974
29374
28470
16687
16596
20297
23096
27350
10700
30368
11459
19159
9931
10677
17673
7240
31339
378
6004
1681
16231
21561
18423
27994
37
28896
952
4464
28386
15473
513
30129
28881
10380
3880
28606
17418
6273
21430
13474
12810
7425
11690
3696
32207
30013
26973
14439
3717
32450
29497
9143
15640
11282
15093
8133
9454
15509
29892
3409
25926
18225
11403
25745
25282
13124
15006
27375
19958
31387
6516
32169
32151
377
24339
21336
2177
30815
13526
1746
32102
5650
5015
8869
7080
1710
18967
15607
2642
12176
26371
45
14352
24118
1943
15724
20572
8963
18302
23205
2018
30542
7760
5755
27557
24836
23147
14556
23603
3167
8399
22517
28567
20289
25863
23970
6819
14366
11263
29212
15247
11523
8206
23912
28077
13845
1109
20865
28549
22858
28933
25591
23109
27628
29142
17990
29485
28916
9118
2268
32024
518
17782
25934
8712
23397
23983
12539
21016
29148
4680
12756
20221
31807
10313
7118
2234
4274
17690
32240
29155
24741
2151
23242
1903
15616
25822
4225
29066
24195
16822
4468
24792
30016
26221
16130
7353
15461
32250
31895
7481
15984
7723
18897
1193
6229
13197
24367
23188
24805
31230
26961
2937
25668
17775
4981
26137
8688
20007
6788
6434
28285
30589
7833
4408
16571
8043
22919
2392
3234
28989
17828
9464
7431
29979
6269
1267
8115
10688
16907
30219
3614
23933
24923
6470
18334
14113
21599
15382
4254
28417
12592
32762
15579
7199
5046
28336
4489
12505
15166
10720
26258
20051
30763
2728
15644
30057
25235
16179
25541
20344
16164
16883
22518
20759
22658
26599
24080
21592
26529
14565
18693
30691
28294
20068
7271
5061
9552
4892
6843
27763
18962
28472
27745
30781
18619
12960
23060
2784
18630
26711
6297
3740
15145
11210
23009
6637
918
6715
17024
11366
19619
4186
221
11540
32592
3473
5718
26680
12966
21575
26889
16876
14624
12250
28565
7880
13823
11991
14049
9061
23900
6530
9335
24319
11856
31321
11971
15718
5984
12280
20216
14263
2495
13622
12085
11076
2235
5692
2543
388
16206
26269
22124
27526
5709
32357
14503
24356
10854
18820
14746
17306
22991
3755
3977
20232
28150
16468
13455
32205
9805
11350
13385
18539
7645
13266
30746
19501
11766
8004
27685
32397
3288
8129
7614
15035
30699
8272
28327
1165
15804
12229
10023
15232
29808
1344
4983
11340
5702
28405
28655
30448
7681
23720
12717
6908
4632
11443
14387
11066
13783
27724
10045
11712
21609
22830
3678
1239
19038
9334
7903
26849
5841
15411
32469
31501
22018
15045
19206
19500
5068
2212
4065
23232
25853
16130
27744
1756
11101
28467
12384
18971
20602
7266
6759
9634
8291
29405
24524
12182
15791
6597
25707
30027
27924
24973
30208
1753
12127
2932
444
29823
19745
29580
4431
19955
6211
2259
26443
20243
15365
13341
20828
21874
31964
6291
14691
32124
17919
30172
9548
24014
21304
26071
12257
17117
10807
13651
5037
3251
28434
12506
9084
25640
27784
27721
699
25759
26859
19847
6808
4834
5503
30796
10078
2408
3716
8854
19488
9718
32493
22261
24962
15364
2881
15254
12011
23340
11208
6757
27690
6216
5888
8317
19495
31673
18827
6269
26583
16100
6609
17706
11098
24160
6629
30543
26039
13907
21270
870
20061
25012
8954
22859
14873
27923
12953
12757
21484
6395
9434
2982
31922
26559
12797
2679
30528
1559
29339
14707
15660
17791
7462
13061
17195
23325
28071
17924
4722
25941
22530
23010
28483
24065
423
4349
19290
5833
20545
31225
32157
10447
8093
1690
9995
24669
26997
30742
20357
8465
22196
32449
7088
1653
21021
27708
1994
8386
18723
3390
20981
7422
20504
2420
12559
27487
23501
1470
7125
3718
13061
13971
16045
10648
7942
5639
19747
8994
15113
2691
7828
17931
3833
30951
31853
12716
25221
32373
12990
9643
27206
25694
21153
17891
6448
18598
10410
22071
32068
30080
12280
9696
7965
29185
17762
27981
24678
31892
3252
16743
20012
22868
23689
29334
18518
11246
7204
13712
16488
30320
18676
20368
9778
19449
22641
12107
25026
20426
23883
24428
30327
14093
15799
5952
7117
13583
25400
22924
15634
32620
6882
4484
27080
28989
24481
28948
19745
16903
32482
31663
17324
18094
29280
9248
6870
18549
26779
13254
28304
10136
18457
21765
30219
15528
40
4737
24839
15767
13444
26683
11263
20696
16350
9066
2523
29348
11220
16726
11959
24112
5037
17756
26550
19976
29086
6560
146
7338
5425
32208
62
6092
29640
19142
17022
13997
11042
27027
25867
21793
26637
18472
25440
6885
29312
21831
5398
20548
25211
8508
3871
3790
30743
10315
10503
32347
15245
1933
7128
9344
26811
27761
22770
13770
15423
29394
21447
22068
32480
23835
2562
18305
9910
7592
6733
10752
5103
2086
12929
11727
20974
13654
2726
24655
23531
11063
731
8991
12022
14140
20169
20370
29154
6108
25083
4921
11821
5711
3317
12205
31649
2319
27554
31098
6932
25399
27226
14234
19255
29834
16151
24203
9506
20868
16773
4047
1219
636
3276
18440
27686
5242
19162
15309
28421
30223
29036
3239
1717
11775
5582
15745
13636
29018
19667
8030
6422
27162
20799
21700
245
7957
25449
1015
13131
24980
379
23981
29099
27833
14449
16298
19604
32299
25195
28687
6623
8054
12218
14377
21253
6886
21621
692
18156
11898
9539
5032
26015
31486
21108
29904
31466
27938
18747
19554
28540
29159
3954
58
7878
12150
12028
18965
31354
14060
31347
14025
4903
13190
7521
29685
12285
32486
1794
19843
26271
14882
20239
19877
7724
5783
14545
6132
6056
22890
28967
20887
30791
22540
4378
13895
26852
13240
20190
23416
10364
30127
7189
6298
28202
23904
14464
5390
10697
13667
32037
6661
6372
23511
21603
30734
16493
22077
30766
5605
10791
18593
10300
6002
18268
31583
5774
31190
4395
17067
18786
703
26944
5729
9797
30453
23671
30835
17020
13782
15236
27613
29131
5322
1125
13714
23828
10155
20971
27799
12037
2170
30059
32276
7580
10886
299
15791
17391
21169
24755
25150
24658
28723
10008
27266
8043
18113
31089
21784
9630
9399
28377
23192
1206
15740
26000
28767
15430
12783
10148
17965
18448
22094
18469
12369
6173
24252
25726
986
6923
18697
27687
20933
17299
7197
15257
10703
9979
27377
13817
7475
31411
29376
7074
7476
21535
10623
8758
2306
7688
9116
19885
18962
15337
23899
14412
15803
19436
11764
23077
24171
25842
30747
30564
9877
3784
3424
10048
730
1822
12080
25610
22739
11951
8776
18307
11089
13918
26255
32039
15499
21751
22370
3796
14977
29356
15775
32453
311
20523
13984
9353
21058
15268
16590
31001
2216
26349
16414
26896
19369
26186
25205
25177
4822
18503
30088
9621
28977
4990
32101
27098
5381
18396
11391
7226
13690
17814
17334
29440
18112
13453
23147
12116
16681
13221
7249
15978
3900
14336
11353
30259
21090
6377
4525
26614
7554
19863
23875
13820
2132
24291
5200
8
5641
32588
23900
21753
21861
8353
29569
9877
24593
14077
31955
32524
29308
9633
3772
11915
15729
4761
27789
20891
19931
4850
25170
28652
30507
18880
1885
1418
4121
12526
12762
3911
2407
21324
30260
11713
29109
17452
12995
8424
22846
6458
25039
16570
15305
6160
14771
11875
7918
10635
1112
17310
28230
31118
3350
17633
20175
29318
3459
3426
9824
147
8039
21175
27585
14568
27564
14456
32642
9876
5053
15048
19801
5750
11369
31106
18792
18641
3843
9261
1146
28552
18192
12698
3531
21690
30837
11445
10425
28147
17349
12949
41
32002
27604
17560
31022
12252
20856
19419
4652
30167
16340
6670
23309
30968
32095
22088
1831
22218
9026
6935
24736
21695
24172
5524
297
24799
29539
13344
8991
14326
10043
26048
8752
1860
3610
4588
23001
20529
12537
19231
31737
14645
560
19774
14658
20415
12746
6991
10462
2957
8303
1758
17491
9338
28962
5590
2135
120
4068
6746
23233
10239
27810
25267
14742
19415
10215
11798
28317
30683
32734
3470
3770
4814
29271
1831
27579
17435
16819
13272
21271
17650
22675
10102
31619
703
27012
15506
24356
19889
7594
23729
28558
5799
12028
4107
5240
31831
26693
1663
15789
6237
14021
26151
31844
8513
16084
31360
6073
3920
16061
25025
25518
32442
30819
3236
18889
2546
23583
20353
28121
19463
17597
25137
10560
9033
15920
32464
14995
10516
3643
22064
32557
9316
2007
19269
22456
335
6098
21905
30867
4154
29372
3371
23147
31792
23002
14750
18175
2165
3683
18307
6611
14824
16405
18238
15352
6567
3501
2590
9702
15033
2916
6520
18902
7531
13675
7733
13530
28538
14780
24004
29795
231
7776
13328
24999
4551
30431
26799
23522
24130
7480
26683
13862
593
14396
18744
11496
30597
17156
5821
6987
3049
18071
8580
24466
16728
2217
4827
27128
2469
6116
11093
20633
19514
22472
31214
30442
3768
31714
28372
24246
31382
17320
30647
5186
20079
15853
21018
22252
4686
25744
29378
8993
8927
32389
18438
6692
22561
26658
14163
28648
12466
10007
1255
1699
908
2349
22367
13199
18089
31356
16220
20447
31109
16761
5642
13451
14148
25781
9240
3884
23726
10255
21813
8674
2832
19545
17109
