19356
28789
1884
20836
30850
24718
26990
3379
1912
10593
4284
29571
21596
18765
14299
20021
21622
14996
9055
22685
7526
30983
27030
14931
20478
7795
13846
26412
7849
235
26369
9859
2233
2260
15817
22623
22926
29504
3222
22507
1077
26527
19793
5893
4515
11911
26308
16269
2424
29185
4090
19354
676
15947
16811
7770
25370
31903
30992
13326
17210
22622
14123
59
27467
26966
8985
1445
30454
7364
1489
7290
21599
10505
30994
14216
4612
24311
6943
18968
16456
26098
25693
13449
4371
24307
23465
22161
22935
3334
22966
4734
10247
30851
21393
11651
16496
3289
16337
3540
2517
28519
6619
24512
15860
16531
18947
10190
3099
7864
20763
14422
20654
7536
407
26079
2303
29207
20478
11756
17523
22846
22569
20672
437
12080
7211
7963
10306
24699
15790
29087
9296
13816
509
26666
5271
4706
21640
11275
30528
32323
13214
179
21694
22938
32315
29426
3350
14622
31221
28592
9629
22497
6968
30564
17139
7276
8688
1154
23672
31556
30790
3946
11332
32602
28839
25410
26671
29543
1031
13199
28195
3608
2269
4899
16252
7497
1800
4506
27911
31573
19538
23835
28317
7203
14595
21219
20251
13841
25471
27023
5896
30149
11686
21732
30172
18991
13851
11101
21388
10500
13184
12898
12654
12885
16130
18125
4984
21673
24448
7115
4133
408
17909
17148
7984
9592
8089
7484
19663
27502
10681
29723
6341
25008
20209
4276
32313
20593
1283
11566
27391
2216
26168
6884
19044
5724
6350
26529
14704
7392
658
12605
2
12777
1660
12119
1000
20275
7578
18327
6301
26851
1121
16792
20479
24962
28931
25610
17928
29462
22292
28018
19203
14193
8275
30574
19843
16500
31280
25596
30446
11176
25391
30986
4882
19223
734
18182
5325
24615
2772
25574
22423
31618
26301
25781
7974
24605
23824
21580
19500
17839
29104
11914
18134
2509
24433
9202
15649
17765
21744
6729
1262
22257
19700
842
14155
16478
23053
15192
29692
14915
4325
11907
10753
5297
25660
768
17252
26730
16708
31920
10327
14854
2694
13848
14109
790
13142
10138
3086
7193
13639
18076
18036
15495
25796
19125
23749
13569
18843
24494
3146
10806
5084
14288
32225
28102
3340
4736
23364
7417
352
24539
17837
27585
3116
12966
26752
30007
30338
11880
16436
4413
28289
4187
7990
2470
18793
22087
91
6126
16977
24353
20445
22285
15060
11737
428
19374
27326
14171
3406
20383
10080
22916
15717
3073
31432
16706
10833
16458
9945
8921
13623
23264
26527
14292
27189
25251
21557
31449
22085
24415
7382
4637
5847
20950
6302
17904
14045
25221
7403
16755
20133
14617
29716
12305
20839
27902
30891
4895
32036
12852
24121
26496
32532
19479
2038
25573
4194
27276
31138
15560
5314
25721
28235
29697
7657
17722
29778
18004
9370
22843
5578
18952
18861
20651
4040
17978
1773
11698
27377
13106
24949
1614
27428
12459
27842
10390
17355
3990
16186
27331
18930
20878
24239
24299
31984
14532
9469
17698
12801
12232
10835
27953
30426
29011
25764
17342
23260
27814
24863
1385
15904
27608
17988
1273
2395
32253
10963
6228
18684
6077
16231
6817
4558
16746
20013
141
21692
655
11732
15960
23364
1851
29281
13791
3454
15407
26698
3460
24169
21393
15294
12144
19148
19569
6070
17227
14972
13336
1551
15148
19352
26779
27490
1814
6886
10486
7997
12547
31749
14176
23202
1569
18408
16227
1193
2154
28567
4528
18042
11923
23775
7266
17845
30378
23091
20225
28088
677
16039
22062
19993
23674
29312
19330
17937
6728
3219
6867
31329
26972
18460
30379
27826
2529
26248
16990
31028
31565
14385
22724
205
1162
680
2899
7110
24890
19169
7635
23195
12375
11547
24498
22544
18111
25611
21611
12649
17205
27764
8509
24384
12210
20971
12024
25348
7871
9519
6997
19163
2550
25622
13789
12087
16811
14018
22798
802
31769
21835
30994
22967
1346
11480
15850
8492
14141
29347
28575
17674
15696
16146
24499
12095
13001
2717
21378
14574
28986
31222
16407
18908
22627
20086
26755
9904
1157
2917
9298
17418
18108
28785
15477
24071
17777
19770
27030
4443
29080
26982
3924
17636
30756
18556
21655
22565
1454
28722
12763
17595
5335
2985
31421
11905
5832
19845
18687
16327
3975
20128
904
9335
16051
22147
1232
207
8131
32417
8337
24040
29560
30916
31048
14291
7924
27879
15047
7870
31578
25132
26504
13900
13234
31328
29513
19390
1320
28441
26099
15694
8361
15098
13932
684
2889
10617
30143
20532
11649
11018
16235
3097
18471
17187
13421
7746
16468
12628
2886
2420
8788
5668
30628
13752
24107
18471
22854
25038
5882
21838
16896
21232
26892
18448
30637
4066
18721
14262
8005
15847
4615
28337
15119
5065
31793
2427
5756
18631
5588
23592
7891
27378
24646
11376
126
8683
31359
24980
11621
4313
14026
13089
12644
19416
9365
6970
28296
10979
30174
24748
869
11705
14938
28852
14944
8719
12552
30711
29083
20170
27545
13776
28561
3275
11692
25795
4408
28487
21610
18034
11041
27533
10708
26900
22423
20816
20879
6180
16493
23211
31671
6518
15305
9284
15572
23472
20442
31709
20634
4760
25089
9502
10239
26978
31396
31242
29032
29386
8044
9798
19654
21080
21087
10693
5031
16845
17648
20828
2126
4467
17049
26885
23844
4475
16224
5509
22712
30303
21297
158
24831
16848
15245
21666
29495
1340
16847
27109
31850
29391
7365
529
10539
9550
4364
31523
6597
20148
13378
1378
29387
6501
19388
7474
116
30477
18429
21377
5597
23615
23281
19667
30732
32551
5995
20709
32491
7072
27925
19021
9546
32342
11429
12078
913
11372
3259
31158
10050
25751
26748
6337
25671
29292
9624
5761
7022
23565
22520
7394
1092
22058
22049
31932
20221
8664
439
28356
28121
861
3164
27287
1004
24767
31170
10772
23021
19064
3149
15506
20582
14406
10828
28535
4328
8152
7836
18163
16122
14981
24524
19350
7102
21243
17887
3825
30220
19311
18197
31496
23417
14436
30983
17948
19740
27623
11208
15825
15830
8330
389
2681
22090
6964
26040
3268
25947
5737
15243
3549
695
6473
956
9075
15243
46
5889
26369
10267
29807
25178
28937
919
23667
22431
28369
20020
27845
31987
8873
9246
30375
12981
11378
19067
22553
26568
6592
32372
3324
2326
29314
20638
20635
364
16595
18939
634
7094
28694
15945
6382
2598
20811
2549
22444
14696
6131
2233
16397
28602
15542
21622
17511
1107
24690
21144
12177
15388
3074
16591
27939
3457
32442
20644
28361
13701
10038
29706
20091
9510
24470
17307
1332
24195
6177
25070
6459
24074
16538
28150
1742
9317
31366
30992
22926
25247
27639
3060
29881
10900
27712
4205
25546
23102
14734
29785
15563
16729
28642
3333
8523
15635
6079
10393
16990
13965
21579
22034
30703
5423
32358
15015
31504
20144
21439
20028
9906
19268
20133
3888
18902
21737
15599
10324
4562
15763
16855
8840
25318
20601
6275
3622
6433
32629
10822
5868
8956
3592
23959
12234
13030
16411
26644
29325
25724
19309
26553
29189
9687
30450
5359
5094
31980
29782
221
4660
23732
5172
2274
723
11594
32349
29128
13877
28151
5151
31484
25855
28594
4869
11136
32497
4639
29530
8231
31766
11507
22050
15398
21467
25362
8964
19116
13373
1127
14126
25049
15873
24355
15078
11529
26969
28849
23555
11787
18731
18982
18522
623
10659
13273
21380
19407
382
10020
14421
32637
23547
5427
24235
7082
17446
9512
31515
3521
20627
7090
16002
30543
14744
31144
8223
29789
25175
3845
5517
4069
28623
17157
18570
12416
28584
10778
2834
31035
11034
11686
28407
24573
4320
2420
32470
5249
9201
13867
8901
16571
4887
32733
15296
11497
2140
835
30116
26431
23999
7158
14302
14554
14165
29067
31179
28429
2436
18708
4197
21002
19655
3101
20297
1836
3826
5643
4106
5915
13445
19488
24339
23920
4969
19520
11858
18733
6868
6668
561
2817
31457
8612
5699
6128
12545
10993
29585
17551
1260
28666
25345
11947
23679
29801
2841
12494
23431
31751
24797
13502
1800
4506
24645
26528
6718
30481
16704
5152
26192
5075
4872
15493
29702
1337
20490
30805
12742
22860
6474
5815
15993
13107
22746
6239
23759
9331
3986
14734
18630
26071
2751
32295
3103
20057
11103
32662
1276
28172
18636
7654
7303
3776
3494
10977
10771
2954
30247
12284
12771
29747
21497
3343
5448
18678
27628
24530
25726
18120
26335
27030
20794
15329
26511
552
17295
12275
9166
5319
18781
21266
24600
9564
822
8690
8529
29180
20519
32185
20691
28221
19592
6493
27614
5018
16023
5619
10211
21441
17959
29505
14800
24369
4989
6439
10055
27718
3036
12903
13577
14444
6412
22724
9921
7874
27583
11807
6341
21808
14138
28116
17706
10870
24437
17725
530
32120
14696
23017
14261
6036
22494
20380
29042
6509
28112
24553
1425
17248
4581
10440
7216
4143
9545
16170
7807
23123
19151
20023
19402
6630
14787
7026
23247
12971
19093
11180
10784
18305
25118
31822
4934
6655
23243
20512
30900
8888
14786
28225
8044
18503
24715
26069
20906
26814
644
28749
10440
19175
28659
26622
12510
569
18254
30807
24967
23076
20388
12412
9139
31460
9760
30953
19718
11175
720
6201
7686
23428
10187
29381
26829
29796
4175
1187
4808
26742
11265
15580
9328
27796
23878
23732
3786
26518
4134
19733
14046
18450
4557
35
13355
12239
22391
27766
32659
13757
7713
31517
5366
25826
15085
24872
16958
6229
5868
20782
2915
25081
10102
14537
11078
19280
16132
22957
20043
30047
20718
32165
11203
26152
13638
18516
8258
12291
8302
16709
23383
4256
23789
7275
6101
11047
25685
1750
11901
6797
14077
20744
8059
18132
18604
14312
28598
10636
818
18677
27566
900
15943
28175
2602
28480
7928
4261
17833
14720
5941
31704
21543
31357
14584
12485
10581
4232
16125
16279
10268
22003
3999
27633
21725
14878
5409
27282
14953
18135
4410
25074
2161
4388
4200
1800
15020
7676
21529
13095
21675
24861
29051
10119
28391
11758
32060
24185
30246
14267
27462
18994
5922
6281
19466
13431
23738
17177
18336
6725
2020
18046
8592
23040
7393
24374
11973
23178
2598
31581
31181
29966
10701
5421
22549
25371
12071
6299
28043
15899
22174
28314
2718
15621
26282
16897
29494
20634
15695
8141
29675
1600
17960
13867
13643
13586
18877
11039
31662
26753
3931
19827
29896
16206
18279
16408
23193
3443
9409
12761
3629
31525
28749
14528
23323
6829
14983
613
22393
616
7039
14255
19032
24613
12885
13447
11723
13908
18901
2391
16364
869
12433
9708
10476
30519
28497
2822
769
4639
6529
29002
2942
5277
30631
31272
29474
1697
17627
14517
9770
20639
9336
11836
31593
26782
22085
14296
1110
28872
938
24580
13921
21715
18739
4286
22759
30492
23671
16498
2373
22020
24249
25985
16789
15787
4514
16848
7424
6612
15297
29061
5946
20300
5966
5532
15226
11253
9777
29857
8630
30698
15113
419
14253
572
28530
25285
9691
9968
7295
20182
9990
17405
15086
27291
25566
24131
21841
13399
21131
22356
28391
1443
15581
2159
28319
16702
26197
24248
15948
25668
21985
12365
25270
26527
1482
29044
23010
10340
12019
13537
2406
27459
2852
31092
30572
228
17595
13247
28042
5790
22726
16620
32048
22698
29475
1170
10804
14462
17112
23130
16487
27551
28558
16440
3587
3319
14249
11620
25883
13345
20749
28162
25380
21508
28002
4876
3570
17269
15652
4481
23171
30823
31615
3011
10836
14261
28573
29554
14490
18750
26260
14800
20881
8623
29664
8271
625
26840
17626
27287
14686
19785
1620
14052
2378
13118
16902
6454
30276
32470
13385
16784
21364
32502
26861
29944
21630
22508
28920
29853
202
14990
14701
5685
14259
13869
30204
19498
26963
2374
12583
11244
4138
32398
26079
9269
21661
8590
3450
3290
5082
26524
18225
1345
18483
20403
11602
13900
2544
30002
3746
15
3012
8003
6456
25444
5941
30768
3761
4859
8558
19888
22577
1833
6631
1193
17242
13158
4290
18605
22503
5106
17266
28937
4184
13769
730
6851
20123
6836
16029
4287
10341
28369
20017
18591
7517
27807
20633
31951
29712
2089
12438
16797
22808
2463
898
23798
28313
9030
5583
9742
16605
17966
2237
17325
3922
1258
26974
17840
2048
13061
8658
20412
30219
9120
4612
22763
31352
28970
32289
26045
12568
5108
21840
5954
8725
15566
7177
29721
4932
27812
503
28025
13035
6544
23538
21509
12391
23946
24380
13828
9634
10897
5067
31213
14079
21382
22
30237
1528
24813
4457
18409
32070
9236
14449
16934
7194
19199
6739
29852
14443
23279
4901
2998
14149
28428
6011
6430
29754
25691
18188
15339
47
15299
15197
6219
486
28286
18891
7282
22970
14612
4361
12834
13382
31832
16064
12738
30325
17384
665
13710
24628
17620
8349
18721
26975
16174
1419
25391
14179
6260
9257
7381
6270
17601
15247
13218
13382
10259
29358
4368
6069
173
30265
21427
28035
10057
31379
11297
4721
330
11288
18720
18287
25826
13467
3156
2708
26289
3521
21056
6670
5105
23630
15886
21296
31758
2367
13108
549
8188
14869
29864
19851
25931
10859
17158
13270
1731
15731
18560
3823
11153
26292
11086
17724
21030
17906
15552
13757
4903
715
27845
1952
27802
6455
28522
21587
17707
24763
23387
9638
10947
9403
30231
30775
30630
9454
25666
23831
1182
18870
2540
29709
24182
16532
4215
19114
6349
4530
17744
13016
20370
4099
22079
24147
13438
19008
21979
31485
9520
23403
27684
11945
14946
9830
9472
10147
2104
10381
28651
460
25413
9254
6629
32454
28061
27589
21504
598
29379
5310
14089
27301
12557
18190
9694
14043
6802
17926
30229
31985
22387
9578
24565
29297
26336
27524
25711
16973
9180
8499
6533
5308
11872
1436
8955
3212
18742
17367
1780
4107
8279
9590
2986
31304
9058
19840
23839
19456
11090
3080
24367
8765
550
21285
18982
6972
5880
17101
32125
26851
12406
8579
22062
6807
19308
27809
19315
9963
668
29566
7843
28771
24785
11601
2123
26341
21935
10872
32364
577
12643
9795
30015
8404
2805
22273
21925
22503
18606
9952
20971
31211
10634
128
17220
403
10844
20242
20448
12077
28916
14902
17218
30825
2847
638
16382
28998
18185
13378
17343
3954
13875
10966
23552
6203
2986
5878
25497
11151
31227
26595
11972
13657
31968
5927
11522
6414
5694
27577
15816
10741
30163
20956
16014
30004
18028
24966
13934
2420
29461
7671
30012
16993
8853
23968
364
11549
26312
8753
18938
23855
12648
29994
16123
53
1830
7700
13601
10539
9684
15345
20035
10977
25047
29780
2663
27530
25282
1771
8833
25181
7853
9500
24535
27248
32612
29154
18527
17650
31792
1714
12858
1857
9897
18124
7695
18488
12426
11038
6519
10869
19515
1352
24731
24616
31048
295
32628
30591
20908
26821
20725
9585
17535
24386
27635
24378
22053
27613
21303
24986
32189
18161
6110
18268
2884
26444
2727
1906
10592
20218
6808
7548
2439
2841
5354
15934
6333
17182
9154
19480
16084
4199
9987
17986
8621
10154
21500
10286
12706
8819
28277
7428
25575
28535
26400
3545
29488
7477
14644
26593
18111
21209
631
632
15200
24627
1725
19313
31157
21997
6499
21222
18596
5116
17660
30246
25194
11485
31504
17459
16014
24771
7003
17603
608
19589
15251
3435
23923
13496
18065
1818
32545
5640
19201
28902
3498
22645
10162
2953
5951
11209
11534
27562
22756
12327
18668
14293
28319
7764
25498
4422
3107
10196
14985
5565
15542
16303
16059
19142
23745
26963
19107
23006
1799
2962
25796
20269
2848
6766
14873
2920
12946
13067
1217
19444
7519
421
12601
4872
22154
31250
17903
21532
27842
4134
22181
6074
23283
13692
9910
19519
24608
28521
2808
12233
3473
22491
7563
10806
19953
20731
27538
3243
30641
7124
28253
32449
8316
24296
24384
26653
24409
31306
18167
24511
30358
19293
3832
6420
32318
15114
21717
26982
7044
7657
19814
22243
6436
3659
9981
11541
20585
31983
4020
20811
16909
15782
20045
1056
484
20929
14844
25525
12240
8954
20163
23856
9264
17887
8710
19017
13688
13228
5183
15019
4207
14310
19120
24394
1034
3806
15681
14497
23943
26282
31390
1852
289
7434
11807
4297
20254
12533
28828
4690
7398
28553
32564
13064
5416
26736
6202
31144
12765
11911
30865
10493
13975
22080
16672
32461
6415
978
28057
6938
8614
12222
31659
21513
15635
4396
27428
28103
31794
23009
23855
5111
5734
8306
19097
3349
28349
31191
3711
28391
7078
23606
23679
7529
17534
28990
10028
5264
20517
32576
32007
26565
23315
1164
30722
124
15189
2430
1305
30740
31814
2590
1849
28620
13196
10454
10830
1020
23673
8315
8418
26311
1703
9322
112
20665
6168
2608
32272
19621
11007
14527
28393
28303
10936
28134
9531
17461
17222
29526
3258
16439
31299
22811
18008
1981
24493
15398
30042
25817
12492
1025
30001
11955
1776
23430
18720
15131
16231
29964
17526
25526
12725
27392
11164
21421
1203
17074
25602
12627
720
16271
12910
18915
12654
20929
1254
11286
9933
31678
22295
6366
9643
3824
26013
24675
25963
6212
7750
9142
8476
16917
2318
2717
3939
20852
18201
18230
16635
14722
15029
16398
4870
2088
29917
27551
26124
11281
8852
20261
8773
17545
26056
11509
15670
20563
19286
15735
29826
10578
26921
20562
17722
18291
7475
27140
20166
17893
26520
23756
19456
6716
28672
31319
7371
21987
28569
20062
32260
9924
30478
22751
1379
7324
22847
31068
16980
32081
26929
11035
1206
10993
13129
21749
15794
19162
26505
17934
14051
32284
19502
821
30536
4019
17797
18301
7531
1517
18870
3361
14715
237
29850
6775
18949
16602
24958
26956
26962
4821
30274
19877
31045
15512
25848
901
12038
19234
22177
16875
18334
27006
29549
7167
27152
6479
21108
22470
19261
20334
17520
29847
2933
5015
27320
25091
32064
21138
7505
25231
4232
5928
18559
17463
31945
22163
9219
31587
30948
27120
29584
17280
22114
11949
25095
13087
12783
7333
32306
12309
6726
26939
27080
25281
4726
2918
26815
11808
11262
9505
12530
19755
8432
31636
8034
1117
21976
16290
21062
22804
32463
30032
5274
30468
19132
18727
2409
22158
29552
5917
6901
21895
24789
20331
23331
18059
12579
16949
16515
394
28567
11150
31915
15097
3793
7687
3714
21931
23459
8858
11354
1497
4278
4439
12231
29346
31486
18151
20062
3568
15033
28558
8288
6421
7205
10487
16367
16243
18144
14523
10478
22205
6780
1584
29556
12105
31319
27307
2109
28004
2712
17411
2088
10063
29591
448
19855
31254
10460
9732
12208
29226
27687
26593
1582
814
21756
19808
21564
23841
2161
12323
168
13214
1231
12359
4496
1668
28726
7566
2126
10771
14588
22461
13199
12054
2596
5011
7023
25168
7694
21074
3270
25869
21741
11952
16071
24417
9293
27209
5986
32529
30869
25525
12461
23825
30980
19874
29487
32198
19020
9275
24179
28461
27542
30361
29448
2667
7513
9917
7823
5392
26864
17155
3141
26863
23479
4322
20968
26612
22486
18716
6814
21546
181
25199
12025
10909
16520
6206
2834
23175
12345
8034
6416
8373
19014
13312
8253
29127
17702
22453
1632
13451
14627
14404
8877
6219
20808
19283
5950
4492
14016
13478
28593
31330
10605
2217
8477
31242
20567
28127
31013
12847
14347
1137
4036
16084
13477
21388
26799
22662
28936
18717
7999
24328
23592
6366
14591
15714
24859
31852
4358
30402
26176
32441
14214
15968
29505
6578
7909
17160
5539
32188
292
20930
9938
24375
3603
8578
30379
7854
11350
31872
4270
3419
25871
4738
23047
28632
29529
2528
8708
13772
26290
25552
28214
9677
20680
31509
20276
31090
5367
19138
25198
5655
8502
17783
20811
13188
7681
21534
7500
23116
31806
5549
23700
12353
13792
12356
12779
2583
6038
28274
18123
11740
32643
552
24017
6813
9868
6504
14182
1549
18290
30604
31282
4571
18577
96
7287
32455
29367
4372
27411
23646
14634
9665
16039
24743
9354
8333
14017
13304
5102
4722
28370
4474
15661
9236
4135
9672
7915
12229
26551
4474
29839
17530
15996
26178
11800
9215
7743
22964
29468
23929
27852
16788
21041
26577
23267
14866
27469
5679
3035
5881
9622
27513
5813
30098
22133
12381
4315
28019
10659
16848
13928
31533
5955
21762
31625
20597
18173
26610
24083
14810
25723
17584
11805
17137
9057
24562
14326
11850
32375
29228
16782
14164
8036
29966
10466
26820
20947
11748
8381
6888
28344
8181
3257
27057
18902
10399
21742
8998
23901
8589
13712
21325
13598
13314
3622
11115
29787
2773
2011
3845
16124
18271
4564
4509
20585
2108
11842
9470
8206
28486
23144
8245
7445
26385
32649
9290
18577
28266
21042
13366
18151
27512
20754
6719
26356
30276
13347
28048
5883
11624
4220
14204
19738
32270
15593
22631
2707
21296
7895
24862
22239
24187
30435
7627
22824
8209
2040
3220
5202
30917
2926
27216
15219
27989
20580
25762
6699
20345
9229
22816
9710
17532
13397
22038
31482
6039
1517
20962
18768
28900
21079
17045
2965
26740
12863
26658
19336
32654
23555
14371
13619
20720
30192
27280
19369
17243
1877
11214
14291
14442
29496
28848
25430
5215
6929
22015
24398
4615
20356
21881
30761
8375
4307
28418
19882
2237
20539
11608
20366
17778
26411
10790
7462
27311
20699
26138
30621
1526
24155
28180
15487
14926
7412
24395
14192
22651
31273
26831
2033
27584
22645
26996
22888
7693
17233
15833
16751
29980
16607
15050
16892
15508
25356
11523
10904
30697
12739
1985
25973
29034
21303
12396
8931
27235
30506
3600
20265
4862
32136
12323
19592
18198
6220
153
3249
6130
17521
2553
23204
26933
25888
25279
28567
23130
4102
19448
19214
23623
12626
420
14334
11636
6542
8202
28275
1431
18181
22992
23238
31853
20520
1858
16675
11760
15351
22471
13736
18614
20744
9045
14107
4642
29568
512
9163
32345
3540
27838
15816
16596
14308
15055
1368
13540
23439
21510
22023
11293
30083
26806
27778
4950
17585
27835
18649
30054
17001
29598
17037
11668
6342
24720
6488
6683
31914
9596
22344
20980
21555
2340
30304
18336
27176
7387
28045
23874
6800
12023
3704
15638
25636
8158
30509
19418
7708
3082
18541
16741
14647
15898
21215
24139
28366
20638
817
21521
4119
20452
32423
18430
19329
2228
8041
24411
13764
397
20793
32365
12205
24725
13631
21037
24962
14584
27852
24418
30800
26411
30953
10315
6459
17455
15866
1217
6752
3172
28779
1872
170
24402
30979
15447
1369
14925
15629
14074
32237
16501
10272
14906
27757
1881
23321
23351
15858
30698
32060
15409
20680
8269
23109
30344
17202
4980
14777
29857
18287
10325
12641
23326
18768
4834
7840
13198
5432
28106
28596
20817
26639
23699
30680
25621
23388
29210
11939
22997
37
112
29900
5386
12074
25437
17919
4674
7262
14264
8465
25345
5961
17944
26012
25182
4519
12370
28547
14977
2328
11680
22175
14523
18538
20978
27235
2210
8366
437
18172
15632
14791
19383
15076
4300
28141
28602
8638
32492
19233
22697
23224
15865
20784
17954
5754
18220
21139
18858
25116
26108
533
6263
4741
21171
11951
842
1234
5463
31455
10914
3686
23806
31775
15876
28831
6681
8952
16839
12789
243
5030
30577
24514
9290
13058
6490
29125
5757
6888
8916
20956
29275
27913
23252
26682
21367
4772
18333
32224
8230
25427
5789
19681
5728
27828
23631
12145
20207
10306
23694
3201
24911
21622
19542
25149
31995
25040
12983
9311
11202
29697
14142
3550
810
23343
18613
843
20904
8386
6110
13466
20245
20213
26176
21203
1598
31203
8678
26558
4171
17520
13158
11077
20783
8995
17499
5081
12026
31367
6371
21720
15496
26218
24442
1917
701
31424
5933
22684
31210
9943
23689
18168
24546
3801
4778
17313
25999
12169
30216
24454
12745
29561
13195
7890
28053
2270
7905
3200
30906
17034
6100
15890
1046
7799
5859
8447
8669
12184
13834
10512
25218
8355
23369
18560
20383
20695
28438
83
1235
11162
16783
20731
18754
20290
28100
24832
25332
24349
11074
20731
26584
30802
4724
27106
3852
12519
24883
7214
30559
19405
18804
9247
32506
25722
17556
6374
8792
16435
19075
12848
26546
13002
9347
10533
7793
6209
24575
18321
12497
19517
9850
31122
28853
17426
29757
2989
9989
32647
20524
10488
16329
26714
17288
10875
13245
28646
24910
23211
19116
17973
12622
30051
165
25894
19396
26241
14988
24087
24308
5842
3430
24601
14524
30888
9753
18514
17114
31498
24120
15824
10548
5138
15597
23990
7679
12467
2488
21569
24679
2497
12661
27344
20181
9114
3208
4794
26278
6053
6122
18492
8131
13368
26941
20660
4892
353
4307
21140
20422
20067
15127
5509
10997
5526
13708
23674
13257
16843
509
17243
17531
12833
23902
21821
28441
16033
3655
12328
15507
31191
29087
32403
24979
30976
4822
22227
11560
3642
10072
11249
2541
5522
1005
27474
29438
16293
5367
9726
15022
8677
2398
15382
29044
18040
14991
27804
8282
31496
27254
27473
25255
14265
13088
12815
14136
9431
31294
10910
8844
1970
25956
2490
28489
13443
10880
17269
868
3332
10923
25848
23792
4314
3089
22281
23079
5821
578
6293
29880
27328
8950
24564
4438
18398
2014
17747
28872
28780
5308
8258
12464
2787
923
7701
7818
24020
22447
18003
26717
4031
2552
9760
29418
11484
10575
13087
19958
26325
17000
8696
25556
18364
12943
27719
6660
27503
2794
5458
9546
16413
24675
25741
21593
20517
20261
18595
2220
11637
5913
25886
32231
16325
2456
28876
23726
29977
1780
565
26226
9525
1356
13149
19569
24207
2199
9631
31916
19662
5779
25069
23621
30349
1982
22934
1864
12720
8531
26395
17053
25413
8882
7795
21861
27022
25430
32658
31655
27736
17691
13755
5365
16765
6443
31169
5649
6416
9358
27913
7553
15920
13318
22169
22382
26447
9573
4947
7643
21046
30522
17900
30428
15801
20074
25340
15163
15543
29612
6377
19514
23448
4552
19288
20552
8988
30683
25902
29333
10486
20924
9203
6789
6206
10994
13046
31810
27001
10151
29756
17580
25482
10586
12509
30490
29813
5070
6669
23668
31392
6498
1990
8035
13491
23674
14724
25151
16365
20075
2385
16357
21114
729
194
16689
14522
12577
4981
23975
2640
21541
27123
7732
3386
17204
9132
28118
21230
15779
17990
3170
17682
13613
13372
29783
5372
10714
31787
21854
21211
9405
7711
2435
22263
19872
887
9237
8474
14876
23030
25992
24541
27505
18904
102
29489
31476
6830
12288
29452
13194
18997
10805
3289
18772
23586
29220
26593
1870
16718
625
12926
9514
8310
10803
32649
1663
2641
20593
13609
26316
13932
7805
31640
27826
19890
21073
23644
18700
881
11930
6089
26013
19695
9897
8296
14666
27564
338
10632
7842
13728
15922
18361
1059
4795
3485
18352
31782
1642
9181
6570
5402
20340
7523
32000
31038
12362
2501
31042
8146
19801
2135
10190
22548
16057
10650
23158
10577
30221
1405
18801
27043
28966
9964
9312
1999
23931
4581
10217
21305
20566
16868
13043
3977
2817
2819
17470
22593
27148
18666
19112
17188
6724
15159
18456
20190
32160
22441
28834
32282
19994
14079
11542
1474
990
4624
14803
12204
20492
2388
87
479
7366
10664
17297
23774
30448
19885
17604
6746
3499
7143
10289
16393
3879
30254
5783
6470
6690
14302
25104
31846
16101
7304
21130
10160
8789
6623
12192
31788
16680
23536
9051
27499
4391
27515
10983
12221
20913
21209
30703
23861
17591
22141
26366
1100
17579
2755
1224
32145
15297
14660
1545
2210
25697
9409
4892
12035
29259
19207
23074
22110
20372
18722
59
7168
30783
32392
17356
30278
13027
30920
28582
12088
27724
4528
8270
5662
22486
32422
21086
17570
9650
22667
15003
1675
9218
24555
1520
22996
30553
29250
20772
6018
17083
18771
28092
9253
5844
13935
25389
2492
21490
6182
2295
4888
20899
18776
6172
27577
6819
15712
10203
26001
23407
26022
13115
22732
17751
22913
681
6237
8072
2552
9851
12462
2895
3980
5321
5230
8259
22751
30383
32281
30911
11683
16059
9083
3773
6608
17346
25340
25763
27107
20788
20822
25956
26991
26466
162
10931
4567
17406
155
28658
18393
15531
29298
25580
11030
31494
6427
19240
21314
17226
4544
30773
9116
7221
22172
1786
7565
28823
22798
931
20537
6257
24159
13701
11077
8497
23921
10697
6070
10854
25070
20842
19080
15752
29813
4532
18717
11651
13749
1530
4180
17388
15626
25843
15284
20402
25066
963
27328
2705
25082
19522
30486
16454
21561
11249
22183
11277
3189
1096
16899
7851
30904
32018
26415
12496
7442
17648
5708
2890
8369
19369
28099
10266
25073
21989
6263
23847
15780
28959
12539
738
8278
19100
20867
7871
5928
15253
16607
9024
26704
129
2395
5270
16895
2309
5928
13010
18683
6578
16495
12298
16140
6213
20951
29324
7089
20199
26363
28885
18556
14943
30405
22168
15577
4835
4217
22486
29643
11976
20119
24731
10427
8708
436
11655
28426
5356
1433
19207
4827
14451
6162
32433
16368
32149
24841
14292
11872
18789
10366
20965
2871
18098
30538
13635
32261
12796
5247
14362
2752
3053
31104
2838
8726
577
29690
31511
30980
5798
15636
25272
15088
5812
21026
19476
22610
22464
21415
31988
5781
23803
7173
29961
7244
5582
8173
18318
32705
15915
32590
12102
23608
6675
30190
17769
9492
18728
6071
25020
21657
18150
30008
23453
11953
22428
27022
10628
7825
8678
27509
13833
14597
2068
18431
12063
9095
31881
11759
5602
2813
1960
25971
27371
29607
1429
30843
31928
32340
17863
27815
7010
17818
11731
81
18039
12396
19613
8420
20342
1556
27329
2379
25826
12836
6283
9189
1995
32163
387
27662
3846
3402
26944
8167
4365
13141
9399
7077
22314
5641
9966
13412
23054
21144
20390
22774
14778
7908
5646
9202
10272
31472
26956
25267
22437
17861
13386
25045
11295
32753
22969
4133
11964
12421
14590
15797
6844
16393
23628
25966
17035
12172
21450
3069
2693
22664
31053
20398
18467
23796
25549
18792
31259
7556
12633
22416
1902
28344
493
22586
307
23539
1327
14539
17513
4720
22718
5530
20158
3234
9298
27902
8941
18701
25738
9628
14045
15971
11529
22664
5984
22829
21986
29815
13056
7705
2103
26551
5869
3695
29018
2917
22218
8958
2956
2803
22954
7251
26329
30625
23594
1465
11408
8257
8520
6950
15099
8738
2348
18624
12046
30915
5803
13687
32027
5745
21002
14466
22864
18579
28936
15510
9327
22319
14834
27096
22713
28557
14590
31387
3772
32456
5383
23877
8508
10631
6682
14463
15146
2763
28191
3455
12838
21611
21867
3759
31662
20580
29366
20414
19148
6851
1919
14010
30609
14492
26527
3164
14727
28968
5215
13442
31116
671
18671
30261
3989
29989
11270
19826
9220
27335
22429
1886
9292
23541
31191
25674
17882
13509
30563
10647
29227
16312
12673
28647
10844
14198
24404
4375
30790
14733
19428
25504
24265
10465
16303
28691
27271
22294
26229
32678
2038
2277
8040
18846
6991
6631
22418
8182
643
10503
21489
19006
10476
20317
10838
16457
10294
28657
5561
11495
6508
12130
21604
2971
13543
5920
21473
21158
12106
20631
6197
28080
25995
16679
2489
21412
24947
8305
9804
15667
3030
26426
30817
28660
296
11693
12283
13510
28918
15435
18240
26271
14386
13257
15892
4538
498
17497
11670
22922
10753
30156
15897
20149
24591
32363
26595
1177
8720
5903
22627
4346
4072
8119
23416
11936
23090
16474
16835
32423
8583
32360
27334
23204
821
3
23332
21645
19503
27293
7405
24540
23130
29533
4509
12806
6191
21510
23285
12037
13871
26667
4484
12634
20820
15023
9561
11127
5437
17514
32503
819
7293
2423
17460
7821
22804
8970
1635
25485
10938
6320
5304
27600
30767
13333
14207
24261
9363
14183
13911
19573
4398
3774
15689
32026
2016
14808
31276
30869
27123
17368
9589
2893
21184
11148
5912
17602
1302
7993
2525
22199
30246
25503
17690
23126
6183
9862
3684
21379
10887
22963
617
20760
19807
1001
17880
17240
24854
14857
25784
4262
23326
11059
12368
4888
11302
22344
31050
33
7103
10213
9596
17966
6433
14448
22057
10935
28753
8869
7541
26078
5782
8555
7972
8033
22696
19611
27271
2853
8426
5335
24841
29305
19263
32573
5747
14743
4117
28019
17809
26520
30587
32510
13737
25052
266
19891
17035
27191
15566
28523
8965
548
29992
17414
1727
7074
16675
10034
13944
31530
25173
8763
1801
23728
12598
12946
10554
20555
3619
9884
11832
22987
21819
29366
31208
10516
11934
13614
21017
16312
17507
26745
17191
2800
27432
32660
12357
24499
8634
22806
5948
24907
30715
6699
21797
10578
27868
6973
4892
2771
9909
7357
28597
172
4368
31509
31612
16941
26254
3444
13436
5970
32038
17330
22105
22732
20127
29792
4671
3727
11983
7261
4976
23101
27845
5696
6892
18802
15274
2143
30274
20107
13216
29910
9034
29986
720
30630
5128
29221
549
21384
15313
28153
20760
30429
22554
22994
24405
7821
17741
18416
25301
11625
8543
6447
9351
13139
943
24783
19792
30671
11054
8754
28872
10388
12702
680
31411
3340
5160
13378
24547
21634
14148
15646
708
15688
30097
20810
8051
28593
18122
15351
19188
30857
7588
20323
7319
21278
16671
369
30811
27577
8019
15746
9410
28647
25959
2793
24058
8870
2584
29103
29730
16167
28083
1611
12767
15715
15404
14154
19487
2179
23402
24259
29607
26520
25026
13271
19574
32219
22000
1866
3798
24636
21436
14549
26993
19116
7681
2404
25475
54
10321
22814
31154
21901
14417
32449
32750
20068
26682
14423
30243
4718
4573
15386
30045
20383
31441
10971
9839
25574
120
5080
21219
24844
31659
23746
5289
10822
8722
14090
28788
2931
19500
22122
17021
16060
15678
23331
21727
24039
21397
21764
14981
14644
25959
27394
8473
32369
19
3511
14384
32601
17740
10693
2917
16147
15159
4546
16588
15171
4651
19936
5333
9653
9340
10801
10273
30795
18990
15113
17325
30089
1082
8597
6956
17557
140
8550
19728
26706
2453
4683
27505
21937
6631
26754
14485
26124
1514
28617
30061
20215
31590
27804
10290
10640
30772
8570
7318
26628
20230
13480
3837
24720
23273
9626
30589
20965
8100
26542
16715
30093
18132
21164
26259
22890
12097
26607
26796
21035
7527
28140
28655
25888
2567
6728
1594
2164
3333
27984
23242
3455
30846
110
19903
29058
25038
23441
9474
11700
4997
27757
17481
28702
13662
29895
3387
27554
23670
13299
11391
9655
12292
12799
3108
21894
23578
27102
27487
2126
11770
6761
14151
21445
27327
17573
12242
26575
15125
20619
10237
19814
25629
30705
18330
4430
30568
29181
8440
32182
10598
26655
11290
24234
5998
49
19692
6551
29718
15855
29049
8488
21024
10429
4296
754
7170
273
25245
30054
12177
25539
3092
26845
4884
32752
13442
12109
19066
32458
481
21223
31052
27476
23401
11349
14153
19122
1242
13835
19325
11324
11363
31430
25377
17199
24805
20943
20275
6801
5559
25695
23901
9797
23788
13328
32361
23328
22682
2783
7688
4700
3891
25074
21868
19288
20177
25851
31691
24915
7884
17539
1399
343
26266
2639
9186
5925
27819
6010
11919
1727
8060
23700
1656
23178
16075
14512
25370
5338
29293
15598
18962
3642
10228
22201
22438
14462
12245
7033
30819
16673
1685
7463
16760
25670
32223
20445
14118
19500
5440
7421
1607
6030
16826
18757
32612
5148
10036
20422
32697
24760
24092
17461
26055
1506
19344
13274
13600
8516
20913
21720
9814
1031
12692
8266
3551
6693
24537
13361
17969
7067
18559
3831
7961
26349
3656
24246
15822
30513
13706
15189
22293
11835
25080
13020
15909
9831
23165
5208
26845
28144
26110
24062
17241
28782
18265
8197
31376
27069
9903
1601
18273
2091
4511
3891
14584
25190
27559
16336
1829
6225
11187
24566
4823
23650
6953
31763
27796
15893
30423
3380
32358
23608
20817
16705
20541
10467
27202
27099
19358
7982
21934
6370
25811
13727
18889
26192
9642
30397
14760
17344
16189
31725
1711
7807
1566
3410
2633
25020
3471
25611
1283
12049
31843
31447
8155
23564
12166
31659
8224
28760
19426
12168
13799
103
772
24671
26820
21854
867
23439
5635
23449
22259
13836
14146
19864
20517
6641
16388
515
5944
16355
19530
10193
28478
17717
6663
5249
25613
21101
23247
5298
16289
31854
21196
28733
26472
29979
30090
1916
5994
32503
16638
6128
23238
10717
31375
21353
7907
9606
10687
1279
20483
29002
14209
1081
5061
24325
31003
12051
28579
16847
8416
4195
30502
14264
5846
14482
32536
18536
5871
9080
18615
4393
8715
20098
8573
26977
21175
24365
4517
20831
32300
27222
25937
6054
13731
4492
8643
28644
15324
17453
20908
14612
22062
32464
364
26381
2079
25579
17766
28259
17468
32116
14999
12305
27749
24525
6852
13577
8061
17115
15282
4201
18933
30428
8722
31153
14961
24367
13992
7930
6953
21965
9667
20926
9352
1771
32430
1930
9478
29902
19077
12878
5588
26754
1860
13050
25527
7352
15820
6992
22240
27840
18156
6869
7256
16942
17759
19744
24343
24649
24614
11929
7834
1318
25176
16175
1099
9415
4892
20827
24780
17243
23073
11828
13777
10307
6797
5672
16563
19498
6125
14436
24002
293
13935
438
21442
25687
31011
7738
8901
11615
18126
14302
20774
26687
14161
24134
25857
4933
31078
7010
16441
31472
16905
644
28836
650
11376
1656
13754
20658
31554
5567
132
5096
18734
25249
2681
17264
26805
22399
19286
26103
30902
1617
5568
32660
3242
25857
30218
21932
13676
24274
5685
14280
14533
11701
26040
28920
23486
3331
4984
28194
19792
10698
2981
545
31896
15185
9010
318
30587
26949
26089
12859
21522
4996
7156
19382
8468
12829
3889
24909
26323
23249
24684
17561
25661
997
22539
29347
26811
23230
3457
12082
30109
30590
1125
27586
12087
23871
30137
2256
6022
4441
26504
25744
4571
8883
29833
748
18581
15541
14672
26402
15278
22552
17393
30774
88
18039
7896
32174
4027
13334
7931
27419
27736
19971
355
19764
25418
331
7055
15398
16438
17054
28100
15169
28775
31847
17959
26316
19243
9188
22258
15724
790
3218
10712
13104
9622
23479
13870
4336
962
31891
3890
27457
26867
10316
9022
14585
8557
31571
23682
16841
1241
11440
8019
16918
32276
18962
8684
14824
25447
24162
27891
26965
24527
7932
31703
32116
12218
9847
28563
25996
2345
25211
5696
12486
12488
11454
11574
12621
31541
3548
15194
29297
19274
25468
11445
21497
990
4528
30739
21858
23825
2599
2847
18577
6887
19078
236
17387
17504
32172
17065
16538
12344
10859
8620
23093
1461
19660
15815
8641
11729
23979
8816
26274
8851
9965
28881
15509
4096
20840
11413
24211
21447
23560
21707
23290
5718
8821
23028
13851
31142
17433
15813
25792
12235
6907
14597
10524
13501
1176
10064
30947
25767
1385
12369
9292
14729
19071
12695
31221
8348
15149
19395
7334
4508
12123
10630
11319
24475
30141
7764
17350
7364
8159
5783
9175
24558
2143
650
10157
17580
14991
26798
25047
7164
18751
9310
27754
30065
15591
156
7717
28241
4188
24301
28220
3510
13713
28069
23891
25186
21159
6288
14989
6321
21036
23235
4229
21630
4
26562
28255
17584
16147
17888
7674
9097
27261
27498
10409
10397
12208
15293
20688
22245
7515
24830
24332
2806
17886
29428
20068
15135
10863
8949
907
31937
11987
16521
20451
6092
5171
23073
2449
15102
27663
160
32385
16675
6962
19551
30972
26892
24283
11714
28901
26586
21820
21273
23936
22159
19666
330
26664
10672
5344
9262
247
9032
13292
5982
2843
1335
18351
14247
32544
13170
25759
12555
32285
29529
4561
13527
24905
1804
30850
20215
22064
2327
3421
28994
4183
9898
23547
32558
1447
9212
13308
11245
3016
30772
16759
22670
263
17364
6487
20351
29716
28202
29870
15933
31379
21524
15568
9665
5885
9175
9332
9681
13057
18306
22787
1781
19524
6407
22920
14971
32206
2196
14229
12168
4432
24500
28921
22494
14289
24838
12226
1697
29238
11822
4246
30450
3685
6966
5702
16384
28340
26676
11222
18316
5574
16295
1282
25546
10639
20889
20452
20726
19736
29010
241
26263
20699
15571
3363
5163
20117
2853
9444
7277
19892
10248
29883
18982
2665
16696
6031
28939
27097
23323
16580
30924
2734
10318
13141
28694
14774
14637
23899
14582
24355
9724
26214
18326
14679
6169
10596
10248
28415
27670
29098
3923
10946
4202
25912
8114
3952
16850
19687
16268
25663
22606
26097
28222
23881
32037
5827
24970
23818
23552
17335
27138
30810
11999
5891
9349
26346
26155
22937
23137
24298
9204
31133
8556
9015
19146
3439
20721
18404
32400
2320
14336
25033
9984
30279
11573
31273
18779
20093
4048
14417
26730
6112
9585
16271
1906
7713
26503
16536
28272
2466
20249
12805
25514
13952
32029
3120
14342
32691
16734
16745
16766
14570
31064
31749
12398
19590
3147
28799
4670
25025
26927
19046
19830
4475
24327
26523
28918
1811
28548
13795
20904
29958
22443
7021
10132
1009
31160
23470
9470
21736
5937
26232
24506
22299
24985
28624
22149
2790
21507
5054
25055
23412
1835
8664
31106
31375
17819
30979
25879
8377
3271
7272
12435
16021
25545
24399
4640
2822
26
11830
22843
27678
5125
6149
31778
32684
23165
19183
27263
690
32615
15670
29107
1482
25377
12939
14569
16160
27570
15250
10378
24873
7580
11649
29324
10242
4606
25739
26222
19955
3914
27763
17802
18997
3442
26396
27115
9128
17935
14777
17284
15343
7338
11708
29998
17885
10989
19287
13459
7377
4129
16381
32170
26955
19191
9189
11312
27016
24649
26193
8945
21415
24860
4309
21150
6522
1457
28290
12100
23738
2894
29869
30025
7417
19907
3908
1127
5973
13699
11179
4260
29315
1708
2432
30498
10363
25869
31046
9717
10635
31943
17858
15370
29543
11984
3373
20399
18762
25657
19541
10228
24787
17103
19994
9906
12832
26902
5762
9907
10241
6037
14632
11026
12278
16550
22400
27265
8228
24567
17399
722
5170
13895
31628
30381
16505
5553
20564
284
19888
20068
15274
18430
5573
856
24506
2158
5452
14858
17547
32077
4992
22575
21827
31306
25959
30100
3886
740
18277
28754
13442
1754
4876
3313
10644
25347
5561
7093
27592
20231
32519
8200
20015
32318
17636
20099
22612
27547
30107
25008
18550
3570
16087
17755
21225
3025
29494
27592
17695
29580
3763
18399
13137
32221
9392
25318
19593
30467
16702
21534
22858
5115
6551
1052
17869
14090
28330
7520
26972
30822
16133
22367
249
11645
21528
26812
3098
8924
22910
24839
26355
19083
880
29217
7755
16908
21594
19677
3472
18710
20475
9245
24703
2951
23862
11607
3651
32462
15951
3343
21649
1193
25074
2393
7689
2700
24063
7219
6025
30458
10169
4898
1267
25430
5014
20737
9841
25233
20877
711
13274
27319
31069
10088
7316
24798
19691
11983
22217
17591
7537
11111
6561
2697
15079
7522
25216
22559
914
15994
7743
4785
3167
26778
15278
31088
29005
14697
19842
27191
10164
28777
13901
25363
10990
13542
8661
23933
3723
29849
19377
15684
26543
25488
17349
16156
6684
20842
1462
6202
25537
1994
20794
21013
1162
14659
15775
23301
5780
12265
924
17925
5565
26115
27933
18857
13294
840
17240
14274
27223
23662
28677
25841
15948
2729
22371
18691
27425
31784
13603
1661
4362
32370
32524
377
11150
14045
31942
15239
26840
17746
25812
19424
1473
26859
25455
233
4347
28073
30869
403
27298
28223
5926
8918
31690
3167
24493
5905
31868
11707
13825
8911
11538
2949
18814
7168
10913
30137
29777
9814
31901
4957
5858
24875
9372
9263
18682
4308
22443
22580
25354
14075
7021
13540
32368
2879
18325
14232
7236
22239
26442
28743
9963
23541
9290
12137
31528
10819
18551
5465
4658
4441
30999
22849
18102
16743
6548
31028
931
8606
16947
13498
29656
27850
27140
14000
1751
16982
18834
11020
20179
2941
5856
10394
24953
23097
2447
22149
32028
16626
6371
2316
16579
4003
7119
14429
17951
25809
24050
12376
24864
5707
23295
10075
12646
7993
9384
3607
3718
32445
32209
25061
10419
17408
28773
5833
31721
27139
4549
19931
27775
8051
19571
146
4203
9229
23611
4305
18792
1797
13481
18830
26779
18259
18518
19234
7422
8321
6692
8781
27266
11314
10273
24675
22664
29232
6781
30416
27319
1664
12158
22439
20522
28288
8217
28857
309
13277
12138
32290
17656
19868
16881
27908
19532
23869
14331
5799
14448
10117
22897
32740
75
11816
26545
121
14309
24865
25821
16692
16959
1084
20118
24578
28234
7883
27842
15363
27768
6498
27547
29658
27378
3790
17127
31678
31515
19267
27337
24746
11185
32364
4443
20850
32626
17007
27320
24171
6376
19413
20470
2977
6239
23493
12244
20863
16899
26519
22267
31549
3700
22163
19424
31267
18650
14349
25907
16440
21059
27121
24666
1210
2682
20803
4120
30758
15180
976
16910
25972
13276
5083
13449
2442
1555
5196
25734
2511
4364
25955
7824
26151
12269
26546
5054
2670
1323
21677
16031
16132
28397
12740
8863
10193
14823
7326
25327
17526
9340
3246
21706
31841
13529
6128
2901
11465
18715
20035
27177
28251
8528
22655
3626
23565
28629
13803
21193
3084
15615
13438
25790
10094
8149
5578
12676
7411
30235
15410
5591
20144
25250
14756
29674
21044
26979
10910
21672
26178
1430
28157
26115
8428
3729
946
2801
3182
11492
10738
18510
28885
430
12909
9355
25623
30436
32323
3729
27089
30685
6527
4882
28583
3578
3113
3565
19137
3596
10461
8206
1665
10147
26193
197
21572
16386
10968
17453
16278
3898
24230
26344
29125
30312
6949
23043
19355
31449
25411
26759
27495
14906
31335
8915
22861
2291
11563
628
2897
15376
12468
13284
15956
25859
9011
25129
16577
32237
12675
741
16194
12800
29614
30758
27544
3554
13229
26574
28970
30943
1868
26372
6816
24607
28629
2779
20305
31189
4020
5603
10046
30458
30677
21761
16248
24248
5213
19606
14589
10067
22940
6524
24384
27914
30
24618
23408
26596
24589
20186
5424
30260
20979
5663
28906
14851
25687
19994
32709
25702
13190
1281
27800
23105
16963
11857
32043
25250
22505
22716
24174
1925
8705
29525
9739
15986
9487
328
31604
20218
27113
26105
13803
16838
19071
29193
27881
27517
19136
3152
31671
25471
1982
14488
20676
26345
30954
22647
3290
19748
1266
20791
30211
19402
17698
17522
5487
21563
16456
16293
32618
22024
26401
12678
16406
9683
12937
4783
14087
12526
27851
423
20441
694
28016
6420
32022
28960
24649
366
9907
2754
5685
11820
23755
6400
22443
22804
4903
13810
16086
9437
29026
5618
16503
23298
24447
14731
16539
30551
26137
17686
22967
9821
15640
14324
23118
548
31611
11749
28425
13347
17997
14782
29873
12523
7310
16694
1818
1370
29054
3659
4019
9114
11850
2870
22564
18613
28592
21165
31440
29253
25601
26301
29929
28250
4420
32032
6976
22104
785
24736
17569
16416
27465
27579
8776
8079
8302
6483
30816
13536
6128
5316
13920
31547
662
5007
20613
21837
3209
5930
12663
13396
29263
32335
9357
10458
8107
2488
14087
12998
25799
10439
16374
16674
31215
1890
1115
8351
2444
28336
18058
6756
19397
5954
32135
15220
26333
2966
29360
10111
17118
11971
6572
30873
20186
25469
8243
2
22971
11378
28898
17058
6149
28541
13820
18108
15310
18932
20077
13993
9123
7357
8534
32607
6329
9140
18848
26597
23676
3168
13597
10662
24864
5290
2051
20489
30824
17115
24431
6281
1954
17627
27430
13032
26433
30001
18513
7162
92
26873
3269
23530
31145
17052
3032
13228
22931
20913
2953
15304
27184
18718
25150
8549
26613
2337
19226
3343
4938
9091
10367
20819
8429
23805
27106
17906
15531
32575
23526
12029
23958
21464
20232
15847
2675
6342
15131
7459
24783
11289
21289
3460
14524
3264
24355
26435
6876
8987
9801
20272
28155
3252
16099
8982
17704
25335
13697
1824
3777
9616
12182
6301
4260
5496
29409
6416
7500
26278
5312
26426
16692
15028
532
21076
20358
22414
4636
15953
12489
476
27699
11952
9669
19310
12803
8177
21634
674
7524
7793
27893
16439
4809
17416
32368
21984
3737
13407
13983
6208
19867
21159
13947
11220
7715
16873
28982
7377
26964
19397
9418
7831
14705
2090
27480
22556
19402
4886
10341
7983
6792
17450
11347
29976
15382
13924
21588
31705
31675
31993
11409
29638
10329
9469
11755
7667
17438
6658
6237
8301
374
11931
9892
15890
20265
26675
26486
23593
8012
16483
27677
27848
4643
21618
13331
25984
16355
30317
18602
28300
438
16849
23459
28487
21529
14416
28412
2386
14930
532
5128
29825
27719
14134
11124
579
3512
5888
16265
22438
14175
17416
5496
10801
14404
753
27203
31691
9985
5143
31605
30500
8312
3903
31570
9791
27411
10960
25591
18843
9017
3812
17516
5902
5968
16128
7757
7150
3912
17401
14920
26344
25921
4641
32093
31330
4726
11891
16487
22784
9552
20520
30468
17003
31506
10920
4791
28483
4405
11885
657
18308
20500
26155
30594
12170
21103
8203
12508
7243
25207
20840
1108
10281
12086
5720
6267
24115
6747
21637
24597
25202
28765
25570
20617
619
25176
11805
3363
4507
12989
30837
21648
17000
13200
567
26022
27789
30342
19627
19459
26274
25845
16396
5338
16680
24357
29575
20440
19950
80
9498
30613
28516
13829
26779
26815
12304
32636
17401
28358
6883
25316
20791
8300
14829
29793
5507
20024
363
11285
1825
8318
16874
15906
15042
12852
1225
12606
25431
31104
29432
3595
13859
9862
5795
13071
24416
19593
27846
7861
640
10574
21678
23160
17309
12778
30622
8167
3682
13369
17362
20949
14639
22399
2668
31152
16927
5768
14514
8851
13792
28958
369
10555
22329
2679
7208
27088
22676
13714
1052
6617
26497
4223
23074
5755
27858
17086
14483
31946
14997
15088
26991
865
27586
25425
865
16965
30742
13412
31472
24511
28997
20633
12748
30251
1331
27532
32441
30927
15251
10988
3421
25344
29689
28379
19866
5830
27615
816
30474
32157
2805
8840
25996
16333
24202
28662
18579
15382
2962
7014
18326
21376
4445
18619
23162
6750
32203
2336
9612
4445
11852
16816
11576
12072
26539
14915
11844
15525
29003
17073
21515
21372
30472
25774
26286
12367
16288
29639
24572
32648
17432
31957
7768
21852
26440
6603
10627
7983
29505
1627
11744
3639
7400
32159
30555
16586
7368
26764
19910
18813
28349
14472
8454
8364
172
28981
29751
3802
803
24597
27496
13271
11626
20549
18481
30781
6427
11315
32293
29814
24566
30430
22687
10794
24932
20932
28695
21125
905
25647
26072
32104
26265
27751
2418
19259
22444
2737
11270
11451
23255
29130
31250
18860
25379
6197
15617
30995
16755
18713
25212
4899
31244
2910
6150
22195
2870
16654
11772
8633
15826
8412
19943
21971
23459
16148
23664
28580
7531
17177
8215
6466
19914
8709
31302
21955
31835
18095
10538
19827
12065
29445
9496
16350
18186
24125
15673
12952
18152
7926
7034
6437
23253
20510
20661
27684
24733
4864
30316
29544
18554
6252
21537
26712
28654
14014
19203
2956
5954
16873
4917
21049
17601
24190
4771
28076
20342
24632
17898
8335
26045
28698
22657
7054
12971
13822
8698
29781
18408
5358
19128
14261
10305
12617
23354
6439
14780
29541
28051
22466
1218
2277
8559
6694
30815
2732
20352
16521
29310
25853
18937
32219
1359
27364
15397
28245
25080
7584
29695
23444
29474
9360
3375
27645
2199
14740
5492
7347
32725
27010
22328
6939
5154
30736
32648
23679
29462
31217
20841
12299
22926
20429
2321
30958
22314
6178
30263
17444
25996
28129
11590
1769
17099
23849
31698
163
30054
24338
3451
31873
2719
26964
25279
1239
32418
11750
25658
947
20657
2712
30996
18947
3063
24604
6219
2055
2167
5034
20716
26495
22018
24064
15906
12749
9694
15915
18545
14734
7758
28177
30266
8500
19943
4721
25127
3434
29471
3977
14045
23536
32581
28514
19405
5403
8844
7731
12235
32719
18833
27898
4726
1395
17245
18992
5724
27856
18807
29653
8767
24784
23102
3582
18553
14632
16513
1126
20545
4380
16814
28008
21776
25040
16091
18487
19737
4981
6978
26575
6244
18948
30123
10203
32425
6182
12462
10309
15059
15418
26735
16347
24442
6471
19226
7691
125
16155
21479
12121
8782
2722
10048
18403
30808
12529
16646
23227
30806
25935
19665
7360
14643
15371
23151
23799
30876
29063
12205
7244
31512
22182
15104
508
18184
20791
8534
12749
31651
8392
3036
17577
14750
28103
14655
13278
15294
4755
26763
27377
23131
2975
31317
27527
17731
3481
8095
31365
17476
26084
7264
11567
18195
934
1632
24742
31256
21745
32667
11743
30220
1414
13830
18315
30004
8710
28978
24430
16751
11327
10493
13279
19222
19126
1772
15871
2349
28496
20144
9443
26646
5773
30900
6482
9376
6752
19556
4509
32193
365
32356
1149
10289
13545
16787
15786
25442
7466
22617
13939
30812
20067
1627
39
18223
11485
18772
17904
22706
16739
31344
14131
11947
23665
26661
19255
17710
8242
6946
17037
25764
5870
20382
4647
1158
7527
14042
32715
4973
7666
21327
10037
478
25332
13494
25260
27047
9464
32657
10682
7270
27181
1702
25602
18521
21190
19287
28185
15202
1869
31883
8630
6282
11168
585
6721
5408
31470
20212
10859
1830
1710
3498
1803
14157
31753
22476
3891
1400
20772
25224
20718
32579
19676
4009
30179
3288
415
31672
8849
20662
3418
1556
1671
17410
15928
26135
25524
31053
7568
11110
11868
17555
22494
1434
5879
20395
643
25258
21243
24368
23895
22945
20721
15446
24583
29196
12308
23777
10385
10020
21298
31512
14869
2121
14910
23560
26776
3856
30092
829
20501
11703
362
1929
19158
14218
10310
9532
1188
5965
11625
1694
1540
20072
31134
3157
25686
29239
20245
9167
10582
19324
10539
29323
32243
24187
24712
18846
12904
31016
29590
30100
24232
28438
28406
4942
3163
27071
24881
6952
9399
9788
2206
20576
15025
8232
481
13121
15134
1035
10579
31034
4709
21072
8424
26310
28861
24151
37
13167
954
19437
6920
24859
15730
22524
2206
9272
5954
6139
8574
8990
10156
28210
4634
28565
24740
14225
21594
11788
23808
12923
28605
25246
18843
19579
16045
21717
12337
26506
11135
26478
14251
15898
24340
8787
20278
22466
14032
334
12051
32535
1820
25327
9144
23478
13151
12145
13690
14935
31742
50
28811
10035
3697
13558
22227
19903
25407
31928
24226
4958
18772
25722
20225
6464
9623
32538
19446
15439
27000
11751
31399
18601
4806
31283
20214
26813
10894
19679
20937
24270
12469
8539
223
21047
11596
5725
20109
26732
16505
30469
16794
1117
32081
1014
17100
23904
9134
25676
18324
10666
26776
15180
16076
22177
27812
26597
28166
15438
17158
28709
19395
24463
1018
2815
21572
12672
20634
8112
23688
18684
28150
27270
122
21997
12467
17263
30468
1169
23129
17250
22636
12710
17639
14934
14555
12011
18666
4103
25263
27161
11784
18049
31185
3859
11642
26109
25300
14493
6572
7724
28261
29106
7595
25049
789
11254
15075
11838
19758
26264
13086
4112
24059
2936
26742
19725
6501
1803
27767
24890
23165
21027
31570
15307
21815
2903
30650
22599
27925
22613
10105
29967
32328
5693
28807
16658
28758
25213
10781
26399
22261
15506
15525
24038
26489
27487
18254
22606
7880
28607
20852
6763
7520
8283
12741
21520
31922
4476
19633
29303
12955
9798
5953
7993
32117
5973
27415
23384
19678
23879
11277
20956
10448
17547
1883
7668
14972
31295
12302
21857
20438
8358
27639
12390
31823
27712
2046
9529
22297
29025
25191
15734
18598
9347
9516
20678
24308
7776
2597
10375
14755
30581
5740
23779
19613
1315
8718
31843
31129
27973
15502
17314
22131
25554
3747
21374
24553
30848
15612
28839
22013
8528
1946
26648
4296
10551
27881
14520
16939
22795
30543
6864
21135
4905
4006
27375
21576
12586
13970
24091
27395
15745
25212
14878
31283
8564
28484
5420
30478
4761
4285
23762
22601
29067
4188
5312
20346
26178
19024
25229
15748
21743
23994
5210
11556
18721
22386
23712
3171
11079
18015
32350
24359
32650
9216
6448
15102
2934
19315
11689
1415
4723
23773
20205
11487
24576
25263
18170
25289
4317
23037
14313
18698
31537
24221
31965
30488
14429
12156
14880
20169
10640
1839
11376
14165
23331
24662
23590
2986
26908
11573
24984
21152
31241
19772
25729
13630
3035
9008
28962
6381
10549
6649
8748
18700
11295
9712
30537
13562
30137
25596
31938
30018
31024
24479
10538
3157
8910
17527
2783
11426
681
20378
1949
14286
13572
14485
3347
10268
18729
423
8704
9961
25103
10832
19479
14518
31441
7939
14179
8392
7058
29787
30882
27679
25091
979
9384
29968
2937
23470
19303
9856
11508
9054
11778
20297
30810
6437
17339
29706
21631
9653
21093
16179
10344
11703
878
29881
2253
18725
30560
10396
31073
23504
26180
25815
10810
12814
23519
27949
1046
16450
5024
25778
29971
29574
24661
17071
16882
9544
26833
16915
9872
15213
21205
18506
19217
18987
14996
9704
414
11328
3473
3395
25439
31236
3123
10415
14837
3931
22084
23472
11583
27662
31446
28695
27638
10761
3339
14757
30781
2073
15233
6235
26579
8183
22811
13149
16979
18834
10798
19412
13951
28023
8691
8416
8740
7087
2214
2899
24297
9253
17252
14745
28883
10537
11118
18846
4616
13410
2841
26739
10722
14868
29550
7358
1060
11820
11762
29416
6030
23127
4800
26484
23026
972
990
9610
581
9015
15129
32121
12285
30942
30860
22662
14747
8828
29812
25834
25291
2110
16284
16042
27983
31155
31322
30580
24156
11068
31391
4438
27863
28686
7759
17854
23399
3257
8092
19440
1016
20819
19955
16258
4332
21145
3686
18774
19171
5228
31565
17133
130
18449
25462
13758
24677
25619
17849
21935
9213
21318
13976
26523
9372
17428
25088
27210
25302
16599
5132
20982
10927
11690
24612
13336
21984
4015
7830
25281
14366
7540
3404
11406
32707
1981
26860
16298
18452
11660
20571
3130
16583
1538
13593
29663
10559
30249
32699
6642
27746
2170
26691
16725
27836
3953
20163
21196
1819
9305
8542
26624
31880
11976
4432
3394
21287
12591
329
21902
20471
31319
13321
23061
29279
4952
21201
20500
21690
19739
26567
1394
1019
12367
24873
20028
17138
17933
7857
15037
17549
14167
27453
20328
12995
7409
6511
28081
22234
2304
17017
9808
27131
22320
25378
19234
31724
10244
17272
18586
30783
5979
14957
5126
8438
15874
30491
22000
22590
25014
1590
25905
18810
24203
19087
10508
27765
20594
5261
3672
31815
21268
27826
25913
19963
20975
577
15031
31160
23095
32627
4830
980
11169
18834
19981
8632
25816
27531
32107
22862
7183
5795
30776
4122
31643
17707
9564
10734
5733
8191
8734
5557
5948
20492
14494
6497
12844
25045
30276
21712
22069
20854
9211
19959
2450
14946
26536
26447
6741
32415
28668
25646
24779
1524
14668
5429
14483
30213
15303
29121
4379
31016
10500
16863
1490
21027
18547
3778
20960
6092
32757
22176
10998
1055
10076
31548
6741
18149
27481
4373
19156
17619
15850
6123
30289
6251
8177
15304
9341
2768
29017
2157
18620
3874
27318
30625
31837
5048
27893
30085
5635
14631
29005
23708
14020
12184
5463
1519
4411
8103
1188
22603
11824
7317
23310
17453
18004
10803
2131
20642
28683
24983
16219
18417
23530
13391
4408
12688
10803
13906
32070
6530
1836
13219
32203
11223
13278
10042
27086
26033
27740
27984
27309
3008
15452
17386
15739
14557
18039
22784
1512
11781
18995
18023
6644
6008
20574
28681
25464
14745
21775
16858
15886
27288
2610
18259
5511
25768
25878
1835
31447
22298
5435
29263
27355
11115
16905
3595
7190
13762
237
19887
22033
32580
23755
20709
5833
754
903
28728
8189
5289
15806
10816
28696
15454
14541
8261
10192
5704
25203
25082
28494
17242
8541
19566
4985
9232
5443
14596
19771
31265
15639
9703
29369
9319
26929
25079
13212
29362
15147
6901
30585
3649
9395
29975
32505
9650
23090
4126
1490
29299
1487
3655
21891
18390
13041
22138
32333
10972
27153
25433
17756
29791
18474
32178
17651
13765
1251
16731
15597
794
22027
16422
10103
25632
28336
32569
20393
100
31672
26556
25903
8457
30581
5212
22990
24010
31088
10721
15174
14600
18199
8609
13728
4511
24006
6443
30620
10155
30244
23375
21659
31784
7294
27431
13549
4579
26980
25187
12070
2259
10613
28887
682
13226
23240
15311
7482
8681
21047
16465
23312
10103
6708
13350
19075
11617
12446
11790
27130
3577
12444
7725
6272
26923
12561
21602
18149
15515
12294
31445
24851
7562
18141
1951
25782
14682
6877
14629
11292
15356
2350
13656
6587
27221
27937
23688
2682
8487
4882
19812
16991
32701
29171
30729
26900
20561
8491
29426
8475
15992
12282
3319
20057
7911
1895
21593
15910
29214
22297
31598
5303
26243
14688
10246
10583
27837
14869
21341
21641
29709
16339
27933
8387
6879
32378
29784
20495
2642
5545
11844
16030
21091
19824
2802
21448
28337
1829
9481
28869
8867
28635
6633
7644
5719
19877
15498
7317
3151
24673
24013
32497
10868
17025
4532
29035
10161
32192
31113
1797
14859
9089
12209
3179
24481
10244
31319
12468
4036
877
26374
12279
2001
13073
24988
7564
16962
8505
15829
29034
13530
14612
823
5574
13717
78
6088
24452
23711
30524
9896
7687
25634
15456
21544
17428
25968
32604
31162
5528
26019
13170
16549
17243
27255
10463
769
28561
19113
16481
24377
15277
7157
19349
25291
14733
812
24725
7620
26565
16836
28390
20732
16964
9891
16201
15814
26202
1706
14285
26196
21169
5161
16615
19149
26983
21223
58
24472
3112
296
18697
7687
28595
7331
8778
10547
7657
11537
5515
3452
2832
13454
8666
8621
9387
4254
10554
1402
21971
13665
32498
8610
9896
32534
24736
27300
23054
23700
7052
30611
16023
20526
27493
17201
19701
13041
16177
9769
10282
18653
1227
17866
8460
2911
25337
21338
133
6603
26054
3233
4484
32389
4185
30469
11557
27072
2865
19237
26970
10678
15701
30572
31699
677
2706
1259
26798
6039
12425
542
11773
22407
20484
25651
19150
22823
6022
4036
16922
14891
16313
28331
3971
30079
6676
8550
28027
13992
21897
30404
18960
30434
21701
25998
22816
11145
32048
18503
22650
31639
17766
5078
21505
21762
32149
11909
1397
20753
21448
28003
19792
8611
29108
4793
14232
16340
16742
28878
2367
18205
27036
4367
28750
20151
27234
28653
8879
11665
28173
732
31991
25568
25181
22028
3178
26595
16685
7284
23750
18962
6060
3347
25676
4000
22228
23866
32224
16577
18268
4112
2797
31456
7932
12363
5165
23922
11429
22955
4669
25288
23738
15451
27747
9449
30237
32013
13731
12541
25702
318
15827
25240
11101
22437
11790
19123
15179
401
7527
25823
19822
27228
21639
20414
13177
22294
21596
25747
7321
2232
9655
25648
15922
12350
32063
32339
3600
11358
22764
15104
20336
21834
27030
17439
7153
23436
23828
14392
19713
29613
29384
3522
14880
12527
11827
8500
9156
3593
30920
20095
23166
13166
5591
29027
15733
3928
28911
22156
2811
19540
2301
2588
12710
8136
1939
1754
22523
19060
30203
5102
11322
31155
30420
7577
15778
166
29919
2059
9229
7505
21814
25114
4714
11829
27842
30767
7215
24961
15959
5741
30111
32700
24734
19358
18997
79
22646
13642
27702
5866
13854
18332
7213
23958
22829
8908
30318
10146
26845
23037
14501
26200
19428
5742
2273
22818
15535
15420
13134
1840
31867
9429
29532
14712
8532
9621
20664
22655
2233
28645
24607
12785
6707
25263
21420
16057
15076
9119
13806
2796
7302
18772
28316
23902
28712
1606
18304
11671
30335
7846
5037
23325
27939
596
23240
29211
29171
9835
32219
5539
9018
12470
12950
26799
1265
12765
28095
913
2334
2512
25874
11277
725
9349
13408
8990
18710
975
27029
27616
24675
1439
18090
29665
10105
1215
26713
32145
15690
21641
13306
6732
9189
12021
30335
25092
1449
30398
31303
27457
30639
11832
2297
20152
7696
13782
21089
15976
13337
19513
2243
26841
11385
25618
11983
1430
25255
13018
4863
185
12472
24058
18366
18420
10829
25266
3940
15404
16107
16246
11930
16193
7106
1131
26509
15968
20062
17146
942
30151
26516
23385
18846
31624
12139
24897
2154
25460
24697
16369
197
1795
23255
26629
26819
10398
19537
10349
3598
19041
27944
24139
13865
9463
9837
26197
19491
13281
16494
11446
11923
18721
5512
24389
2129
2755
14098
8291
2611
8567
30716
10107
7025
14361
27156
32463
10803
14455
2232
1208
11566
29305
3402
333
8985
3928
16219
32737
27677
23318
31765
11897
15680
2896
11819
19443
9528
15047
279
10308
9704
22010
16418
26811
17704
11640
2898
9469
11110
20337
22993
2010
28149
10887
9050
27120
32489
20620
32617
23185
27527
30852
4845
15876
5729
7111
17040
3808
29060
15075
20874
27369
26863
31575
23131
25181
11529
26640
26760
850
24709
10988
26649
20842
21692
5753
8480
17585
31505
19340
2887
2341
443
12018
28403
2821
13764
16438
1858
25256
15321
13072
10640
27951
31991
29070
23865
19992
17356
26088
18278
14416
31531
5963
23763
13300
17820
17852
27839
8370
16797
17857
19984
29490
15865
25867
16687
7866
25844
7714
30436
17069
31983
20884
7672
3687
18582
8153
24336
23631
20584
22457
18415
18391
29440
14748
21677
30869
274
4312
1884
1884
26066
22691
21497
16590
27668
19201
4170
7053
5089
21641
5337
32432
9267
30882
19934
28664
12264
13911
8344
28589
9391
30354
17181
10952
11868
31032
29278
17054
16543
5906
21428
13310
29903
862
17635
26150
6408
42
26420
7355
20851
13699
20437
28279
1121
3067
31053
32003
30001
4005
22407
30923
29165
31096
18815
32413
19174
2398
4425
4912
29544
23564
31942
27504
9768
23657
32514
20259
14232
22685
9156
13802
25655
8159
1165
17772
24622
24200
14302
4605
14720
12931
6455
29129
15755
11011
16857
21783
1590
4820
6166
27874
6872
1382
31853
29614
11400
25395
20863
11015
25850
17115
25941
4821
762
30917
8266
1592
5857
16388
20311
17490
7496
29553
25922
31220
30125
7935
10182
9165
18033
32140
27481
5980
18233
14423
16897
11132
9811
29110
22286
22544
19818
19814
7016
14047
11619
17752
25490
5736
28913
10900
10826
18949
261
13902
20518
4451
9684
2061
27222
21466
17137
23104
52
760
13403
5979
30969
16900
11846
19999
28827
28439
12499
19558
13379
23743
9376
25679
17604
29195
3247
4201
28345
336
26072
20475
19936
29847
19322
11588
27310
29047
19674
27665
3818
19555
1586
24515
28553
3703
3092
23659
24543
28462
1899
8009
27540
30232
1017
26526
29368
32599
27354
18787
13492
6210
28206
2043
7312
6175
19127
32719
6826
31642
14275
21034
25997
24637
9588
10082
7492
1965
1286
28679
521
2372
18000
5725
14604
19228
31096
3600
30560
576
6984
8364
23798
21603
32346
14861
20247
17454
735
20621
15226
21401
25169
20830
23194
16058
15421
14885
18870
23490
19615
15730
10836
3008
17457
30842
24323
14892
7815
23783
31337
12315
2434
604
1930
31312
32054
6102
30648
20552
798
9650
15429
19656
24280
15817
24468
24381
21163
6070
21261
10174
5435
27611
7347
28195
15846
10394
6423
6007
28814
22912
9174
25414
26977
18712
10854
21854
13508
2681
29369
32471
24351
12390
14535
23576
15359
1136
13226
13312
2944
4379
5302
20265
16554
18114
10341
31918
31506
27515
27337
11420
27031
25328
7847
28348
17337
11185
18449
24374
21196
13369
20735
30933
9128
25190
6129
26557
27993
21726
13906
19884
193
1624
28149
29623
12501
3990
25245
9209
4807
19778
3619
22597
14569
11172
15220
4543
8940
19140
17981
1915
2432
4635
25266
26977
27450
9126
19083
14021
21514
27338
23022
7935
16471
17421
26771
3298
14429
28505
291
23699
20508
10006
595
19921
7084
21250
13072
2927
24463
24156
25707
7011
20504
15748
25052
14696
4787
10219
10707
192
26470
30643
13930
24678
26800
280
32627
8070
11068
2108
21737
13997
14042
17604
14924
29927
21895
7945
2342
20081
3343
912
21130
19806
17270
19930
15623
27455
3562
25711
30233
7514
32144
11392
15320
5031
25947
31791
1333
5514
3937
10049
25786
1453
10260
10845
27496
26914
18754
22000
3803
21646
1609
10787
26516
23728
9921
23076
482
5706
23635
9605
30056
21503
13339
25374
1305
10101
19374
14731
10967
13692
27987
5595
10191
11222
9927
31191
31750
6567
12643
14279
1390
4688
6703
8742
30771
23831
1033
6824
26584
659
7584
17454
12828
19323
30889
26664
19059
15127
22367
24701
9815
14893
16595
2957
24689
1510
15485
30895
4651
2253
30928
6166
24792
2723
22631
18836
19807
7779
27876
10894
31420
25712
18009
31684
22921
6549
12686
25726
29752
521
1834
14613
31053
2648
2423
16266
5792
30386
32234
13698
16928
11191
13169
6014
10860
632
32234
23033
15100
13343
23314
27006
25950
14372
29832
24469
15001
29365
1641
26345
19811
18325
22894
18878
22419
4157
31565
6745
12968
4817
12178
19892
23830
27128
14025
32089
885
21598
421
22026
22140
7465
12569
32066
23602
15737
25679
28804
25704
31107
18637
3516
22072
4734
10445
5345
11740
12611
20350
1902
14283
27692
2654
21262
24514
15669
21150
12635
18392
25645
16663
5962
19840
2904
23271
29539
10221
4967
1165
21158
25837
11907
31962
20592
14055
26771
10446
30337
18522
26008
13541
26318
7897
32173
8264
20829
257
28858
10646
21805
20661
12956
19702
31654
23668
19225
3699
715
20517
29612
11129
8937
10130
32696
483
26954
21030
12890
634
8676
6496
28623
24761
7857
20694
14038
24818
29715
24688
297
10708
32275
22276
4323
21961
13086
25908
19215
11352
28004
26098
3705
27467
27818
29652
30789
23301
24309
30679
16042
4351
16164
8187
13445
16167
19741
16791
10083
15949
19431
21784
7182
9628
3722
30264
29792
14474
11607
9641
17334
16508
443
28302
1535
1749
16224
3051
4107
6098
11814
14246
26189
15950
10461
28309
12794
17395
6539
10851
19180
28980
13427
23557
16261
3059
12262
20189
27186
11082
10057
3689
32508
8877
15514
28149
2593
1569
25651
27488
6984
23784
4922
21416
20384
32699
18888
20889
6070
23322
9857
25745
29827
24077
22999
9961
31193
16699
27636
18744
10971
2506
22739
14680
16363
14141
2736
4484
5131
27416
13219
9653
23099
3225
29654
21241
21041
29344
6744
5646
32296
31088
9018
25644
23126
6507
24151
19129
18724
6104
26268
30696
19935
16927
16998
73
19008
20393
10792
31383
16849
1568
2848
25854
10433
3968
26762
13412
31331
6392
15965
28727
15942
19777
32062
21135
16716
3243
8189
3668
6894
26827
14204
6791
7525
24918
6812
13209
2575
11061
11345
10546
21015
27319
25267
2185
19957
15661
26220
16633
11530
13826
17062
568
26923
3824
12810
18695
18598
14998
7734
22812
27596
19544
25482
16455
2520
16394
23515
28886
23396
6028
5946
1685
16294
1050
664
25461
27601
25791
2237
32435
27405
19170
31388
687
24506
29079
16550
11123
21921
9218
32627
16793
1799
29343
30391
2708
15746
20237
29179
6492
29153
12639
10066
4068
32021
18909
22749
7004
3791
30082
31363
17177
13573
13118
32230
858
2622
13226
15182
8931
7957
19567
14029
15385
26158
7236
15757
4019
20533
1027
2011
26865
24671
17673
12552
8387
20580
5270
28426
9959
23939
18325
50
26071
3808
25057
17928
22452
12291
20371
30991
14393
22803
24235
18845
26958
12487
13061
7884
23907
6880
26116
29959
11372
16524
20269
8813
24057
20127
4720
32696
27771
26694
1156
8512
4968
9083
15706
27648
7062
28418
19538
26470
3784
138
29036
13605
1268
23522
614
5389
7040
11065
14909
19292
6224
31375
7509
9426
16400
30587
23510
11317
207
6347
12266
29137
16298
2120
7321
1517
22997
21369
11811
31711
16118
18142
27639
29737
29798
27070
4164
18531
20121
22357
20621
1184
16238
11428
3728
24168
15856
28921
10255
21027
1424
16837
20501
31825
14475
8428
25492
9382
21223
3978
1813
17849
20698
7570
2747
9362
30027
18796
5504
18426
15004
29007
28711
20516
10629
12989
29720
21474
6023
25348
8666
284
10241
20102
13985
19218
22687
8925
16356
29024
25467
21216
10161
8066
22235
25059
1011
19726
27692
22118
5787
25524
25967
6884
25650
108
2529
20005
4590
27155
16480
29458
23572
4171
16283
4766
26904
4592
22982
14597
1382
27473
2851
16972
28568
186
10325
10344
19523
17072
21273
30777
7250
9681
14737
14608
10344
6338
5628
27932
16249
1935
27210
24516
26198
21519
3245
14716
10646
30703
18375
18271
10970
17733
4842
3941
15906
28526
15410
10418
31584
11919
18502
25119
3142
27777
18620
1974
13752
31456
31773
4729
10282
22088
12279
15492
405
29600
5882
22030
8036
224
4853
20123
26242
25416
21497
12330
766
4579
9105
18670
20648
13159
15535
29346
8596
9110
11905
19769
28385
13453
31227
23881
11288
9525
24472
19751
29884
24232
11356
4705
8095
5876
17098
28602
27336
30788
7738
13984
28369
24615
9311
18819
22466
13112
17076
13113
1403
7700
4845
11810
11548
27962
4951
12401
24737
27114
25986
399
348
25316
32609
32574
5582
13420
18572
4016
17111
17308
16114
18545
17374
30141
29694
4274
11589
13542
31929
30696
2039
4058
19751
8376
27823
29607
26786
31306
12556
25150
22216
4422
30775
25033
26096
976
3213
11568
29162
6914
20284
28370
10085
13970
18074
823
4576
5687
25424
27101
11214
7911
30822
10048
9741
167
6552
27519
11674
7241
7976
21991
7140
14113
28147
9759
14307
27965
22050
6254
31645
26986
25226
2854
13171
13529
20049
24535
16936
28393
1585
21417
24128
28727
7719
18102
15066
17053
31782
6909
16362
29330
9194
30749
15180
3297
4013
22945
19881
7759
21801
23103
17414
16757
32247
12079
4154
12710
30154
15154
10317
30810
16638
2464
15945
7500
20788
24164
32702
18413
17822
22658
24013
31654
12304
26935
17436
1744
6045
6818
7912
24328
25897
19781
7633
31776
11773
13447
17079
19840
27619
28363
437
9335
8764
7798
164
24741
13003
26061
25225
21033
15575
6212
31912
8186
19647
22607
22703
3940
25017
12710
284
19534
25402
3145
17042
18557
1785
5474
20068
29362
25648
28600
88
25892
122
9705
29489
15730
1542
30057
3392
5834
2780
6622
16306
6554
23587
17629
22850
17116
8275
26377
1590
26499
22180
23516
25962
3920
16843
27184
31703
3314
10143
24638
17761
14308
32496
23129
11165
24369
10369
78
18625
29380
10123
13820
3723
31687
31249
24666
11926
19173
12471
30874
31546
17960
14718
13307
26016
30381
30840
1855
16231
24822
17681
16755
31692
20851
12841
25196
22001
6478
11000
11715
32614
15928
26166
19447
19427
23197
31908
4066
13450
23089
4045
12093
1768
24957
24910
27049
8520
1439
714
14935
16325
1058
25093
17630
4872
26983
25747
13997
9026
1733
2533
21230
24484
16385
8773
20337
11288
4778
5347
3536
17601
18467
28344
5257
26703
1570
1964
30866
26587
26561
29417
10337
31905
29722
11053
15894
6545
9683
31533
10026
22600
18878
1571
3180
7845
16737
3023
30204
11221
12436
3925
11102
24895
19555
26490
18539
21881
25520
29405
27819
3298
20705
12807
19198
5451
20079
25875
13411
14234
9952
31265
277
31745
27443
7562
30704
23281
16795
5187
1206
9906
30905
13486
12873
32521
23176
20875
30406
31232
15463
15991
27601
6793
160
15606
3632
12107
10291
7356
5214
18853
12917
10596
21607
9810
23180
9110
3562
7943
18837
31488
15847
3543
3789
19049
26222
28872
7601
13956
27920
5562
13504
17408
24426
9289
26129
206
3569
32013
1443
30783
400
6951
32724
22869
22908
28323
3388
31230
6944
1024
24440
31228
28327
16022
15737
13161
10092
29027
5160
26293
20467
15181
17170
9100
15877
14725
25434
22406
29659
25719
29117
10098
18450
16676
9018
18272
30390
31364
15977
26972
23120
29744
6736
4703
7291
30993
24063
12438
12864
20134
19202
11727
28911
11992
16184
27744
29945
30761
12629
9375
29892
17806
13806
29820
28207
5333
6523
8863
26139
11339
20101
6602
11730
3524
21930
31011
21232
30424
24534
16770
744
13276
14783
10105
17400
25741
4645
26001
29191
16204
25388
4536
28254
24851
12705
29822
26115
20033
29608
12403
31476
29104
17139
11132
31030
9569
1335
9145
4421
8585
28749
9479
22019
5235
15850
13304
29975
8024
1424
30369
19703
458
2557
27448
9433
24357
20974
22578
24345
16100
8879
4396
1906
12916
26017
28525
6887
26824
10346
29858
22529
26986
16936
31203
19060
13979
14007
3279
7689
12149
13195
12326
4410
14574
30840
7399
8319
30179
10543
23688
14350
11338
25331
9381
25158
24317
1200
16372
1476
8563
24088
2072
22171
15384
30018
32609
8953
24035
16549
31064
7136
20762
5674
29793
10121
30473
9859
20113
11096
12295
9897
23367
4141
19120
18423
3811
3147
7927
21003
31078
31431
5940
6172
8353
14614
6934
7727
30191
10196
5601
4383
9069
1187
11025
14107
16359
24455
6681
13520
8359
28361
21384
28195
31664
30997
22438
26614
23736
30236
8177
25360
4796
25252
4824
28398
13245
5537
21111
28117
8135
10343
7367
29209
3073
15597
27993
32591
4664
6496
7777
4234
2268
12597
26687
20367
795
18517
21678
10118
18531
26043
1027
20521
22058
18279
199
5455
5757
31285
20349
30997
24964
7380
28170
23987
8131
11661
4041
9877
30310
3943
4371
14058
20165
13208
24190
24226
17811
2315
25049
9527
7724
31791
28775
29807
14792
28178
13215
27613
18982
6719
5943
8293
721
26527
27907
14808
27581
6441
12458
17207
11189
16311
8934
6368
10369
12077
21942
10875
13955
3462
14445
17717
16648
23331
15394
19786
22569
4164
18138
13500
26832
7216
23839
6001
3833
14156
12172
13275
29175
4570
4958
31138
28212
30167
23229
7850
30539
29452
792
5437
6471
8422
17791
23781
20279
27269
16026
31249
2309
13776
8558
26416
12809
1835
14786
3260
21907
2046
26782
15387
7700
3788
16122
19456
24421
29780
26692
19324
9255
8649
14382
19377
20948
22717
25750
32393
26341
15914
15931
23465
6605
11877
6245
9028
14191
20638
341
28992
2845
17691
29430
8612
23023
8675
15594
2521
3801
15972
5778
285
7290
3860
2436
23787
21850
1708
14924
25821
2762
7018
32536
21541
9816
11049
12679
17760
10583
2534
14941
24590
2461
2793
31666
19912
16964
19797
30608
24498
8911
390
24261
25474
28333
15705
5442
29152
15068
18947
12012
32436
9929
7875
29066
9833
4474
30811
1523
6643
17254
11750
13390
9709
12606
2094
19698
8136
31558
31054
14564
1717
8406
7969
6824
23672
1742
31587
27083
9489
27607
16744
2322
6817
13457
375
208
30148
7589
22259
17604
12557
22841
3766
15911
26873
26869
32719
14455
26732
9544
2447
18704
5187
22127
22052
22346
16189
2861
8698
3174
31264
29919
23659
10315
12940
61
32555
427
26007
9613
30274
21933
20993
766
25396
32023
28745
16159
27254
8772
1451
29012
4876
11545
27039
25000
3243
18347
3103
22781
29054
8144
30075
30273
19762
24504
22366
3313
23436
16645
22768
29892
3474
7068
3844
27158
29872
25369
2950
10783
14380
11068
7746
21971
12687
1398
17293
22976
14740
22351
21538
8440
3985
10986
21492
13472
6672
28843
15510
6529
2026
12941
21036
16478
5570
22359
30925
13752
27778
17815
6802
26880
12790
31687
32090
25385
32084
3253
27115
6087
28202
23781
15514
9208
9390
32590
25187
18839
20267
9543
25582
17673
26839
16216
29333
16269
8941
10782
29240
6028
16817
5127
13605
1047
31616
11885
3626
14420
8370
13847
32601
7991
32704
27880
8913
3996
6606
16376
30024
29784
20505
2846
26877
21395
15310
13439
6665
25665
24070
14411
9187
30798
18065
11918
29294
28060
13493
23157
30605
6032
3501
27703
28884
9889
20817
19514
24479
31463
30213
2014
105
2640
18815
19928
27858
4788
7373
20930
9868
13261
7802
27634
4043
17521
22112
23708
20659
16979
15197
16013
22448
6898
21409
28580
1369
16448
15650
712
11028
737
23593
12436
20082
1982
17078
12750
8602
24106
11253
30758
21496
16256
9163
22400
17652
22712
8941
25491
15600
10788
3269
2912
8103
2317
5344
21889
3456
8866
7773
3623
8206
1841
10342
14573
22679
16476
20323
11943
30263
17539
21293
30870
15252
15693
28470
14429
13060
3804
8751
15713
14966
22722
18264
20027
3854
18831
7247
9768
13093
4419
31415
13366
24542
1735
11752
19353
15923
12285
24865
10751
25068
19381
11202
645
29617
16482
15698
6535
7650
27173
7148
28446
10896
11846
19523
31664
20400
31200
4871
7111
26879
25901
19473
30143
21996
7282
5239
26055
23653
27433
14615
20995
20467
21956
1027
12933
20311
4560
8108
5691
12632
25621
22359
32692
13342
30672
276
6705
12578
8646
22006
261
31301
13728
27150
8471
6991
7049
22039
7617
1462
12225
31134
6162
11040
9567
1253
16628
15828
10534
13930
15498
13491
22782
26798
3706
19253
20521
12631
3247
1121
2050
27521
12187
14924
8356
5056
1207
31344
19586
23722
2449
22961
5533
22498
19290
2437
640
30624
20627
19051
17683
2541
4099
24162
5286
7903
2515
22723
8289
4155
32063
6007
9967
6432
12026
21543
13236
6459
16872
4781
18844
16271
17820
15501
24363
28028
21374
30730
32524
11094
23849
15338
9223
1131
11340
18329
32486
4383
1488
558
16494
23087
26553
20759
16677
6398
29415
14922
29787
9537
16216
7157
31604
8510
6985
28356
27157
10777
2865
26135
23414
31397
18979
21582
23758
2965
1991
32748
26701
19604
13008
4333
14289
5765
17492
27713
5656
28570
14880
13861
2260
9947
15297
19050
13744
11504
18326
17593
16345
25875
15063
12587
2907
29015
4403
12389
22328
14901
22061
16626
30396
8689
29729
31281
7729
30985
21065
21470
14006
24942
3315
6088
168
23290
135
20993
29589
13368
25030
32338
18030
3865
13096
20606
23075
4600
4336
18281
25777
14796
2867
16870
12807
4882
5789
1670
7163
25519
629
7777
31242
2178
23528
1410
15695
30233
13397
2594
13486
27814
25076
16033
4321
966
1995
8361
12195
15224
31609
2725
30951
15412
32036
11076
12439
24738
10058
6502
2823
2089
500
10600
4572
2580
15963
27518
31444
28121
19906
12614
31081
19816
18364
9082
20473
31560
27129
20280
29883
11979
25872
9487
616
5441
10122
10860
25607
14266
27135
6375
14128
10630
25795
21852
16203
27704
20767
2922
30831
25255
9710
20635
24504
3304
24790
32024
25299
7167
8992
26200
6136
13452
29375
23279
25405
29789
3525
9535
1481
32636
28672
30037
16126
32219
28772
24850
10104
2936
13594
11278
16681
10582
11043
16287
24497
15979
12216
9664
1925
11289
12154
30829
12847
25242
10484
2428
2454
15919
15790
3522
9149
18106
20125
20691
5181
12252
1657
25959
18456
12398
11755
26869
5240
29890
13171
18372
10285
4020
29236
31066
11195
25398
30902
27574
19237
439
23074
18040
10332
1586
29241
21948
19676
20880
30164
18168
7329
124
12131
28901
3108
17773
24706
8709
28389
8050
28507
26639
7016
9891
18462
27928
23897
23558
12438
26094
15911
4907
13668
8151
4059
10331
22038
600
24016
18185
9970
21621
29286
2191
17641
17246
106
11291
12747
2853
12967
5427
31842
14520
27553
7892
31203
18191
23325
9708
19338
22506
16049
30306
29976
31577
9822
698
26186
24513
28055
32441
2864
24239
17649
6763
15570
10642
10294
13073
17730
23512
28739
23737
6073
28359
22463
10048
24368
30173
17720
30357
6999
10553
32007
11918
11653
5681
208
20243
29910
21703
23075
28263
27220
23395
22893
17285
4997
30919
29168
11136
7067
7907
20274
16711
28888
32698
2025
16348
25999
2118
28151
31656
2481
965
27356
18499
15218
9370
7003
7304
19286
22139
29945
14240
342
6213
11118
28181
22188
10868
19388
7884
20831
8680
5754
7235
7203
25887
2601
5947
14089
17620
19037
19542
29406
16242
8172
24348
21202
4484
12808
26927
28060
31698
20435
21857
30965
8862
11661
8883
20436
6100
22552
9260
32141
1287
21837
16092
9606
57
28428
2090
194
24953
708
31490
8280
28096
24224
17240
11611
24105
14689
23483
31832
12612
10557
27058
31844
20206
10765
27124
20232
21905
17023
22093
12348
27262
11188
31661
17177
7578
1609
14165
22940
23341
9085
18144
25448
1387
14509
16250
22822
8629
30480
7444
14256
3177
31030
11083
28640
24718
17272
19986
5496
12126
13319
26867
4403
17998
13090
20567
10171
6347
15187
20708
18649
28045
28019
28054
20425
11780
21427
32233
10070
10464
14972
20986
8677
16285
7637
29483
18260
20810
5440
31878
24596
17305
26626
24210
7826
19920
1821
12068
30134
8164
4612
26139
27831
10881
18121
7385
5706
11164
19932
3733
15024
13714
13679
13483
16881
11680
10206
27204
31993
14600
29789
1962
4654
16106
24734
24055
2929
1890
28118
26789
20830
5938
17210
27388
16659
12754
19317
1038
32616
27228
17025
3212
13890
24194
29871
20087
1577
7475
18286
22287
10231
21858
20466
18519
26
14309
15235
10208
15992
31227
8405
13657
5040
7380
31093
21477
1542
2259
32233
1515
1525
10794
28356
25509
3070
3797
30885
20844
18139
3258
22676
2870
13057
12618
12774
24456
22989
10919
9845
11426
28810
31957
13706
24385
7410
11355
11644
21296
18052
4606
6062
2585
4529
19012
30260
13851
27481
9662
28152
4589
26862
9691
4082
28971
13049
27816
24457
22522
13694
5240
29686
16837
27484
9992
9722
2957
18260
25195
8948
14036
32518
9361
31234
28367
20977
13539
18283
25132
20467
13856
1584
8280
8324
20769
18269
14803
23950
9212
6707
26569
14917
12140
20449
30631
26651
24359
31062
9262
31120
24666
1291
26115
25628
17459
15999
6775
14395
27357
8366
10174
12333
26155
28751
674
21398
27031
27264
10777
8159
30714
32739
21008
27324
19969
5135
3867
3593
2792
3234
24964
22924
20436
8975
32463
18711
30865
26546
11591
4837
12096
13455
28151
19408
28415
29056
3577
7323
4204
889
2201
21780
13616
3041
26766
4000
22206
15600
3847
4379
24252
31566
29687
7922
1650
19732
5062
9893
17664
12740
21227
18360
21237
28299
10469
6827
15435
7591
24675
27933
8336
26485
11065
7433
7071
14170
11585
17005
24534
32309
31237
28831
19831
10206
19861
1498
18787
20624
2448
16751
16408
785
13341
11917
8290
22442
24346
23343
11243
12296
31330
20584
16985
862
9422
21217
18017
14854
5127
6148
27335
30569
9224
21976
6120
25728
2997
24932
12554
5375
5266
28863
19290
31951
2120
3058
26371
6946
20300
16664
28041
1002
30861
19995
7964
18535
4793
9138
13127
27329
25662
27458
16378
2194
10226
4767
31868
15287
153
20059
11417
22653
22160
1310
27342
11182
18215
11202
10005
10992
13814
17412
578
11568
27957
27856
13521
14527
2693
17691
27254
16434
14953
18349
27232
18127
32060
16382
1764
22771
23815
1491
9655
3181
7242
20204
15522
22642
31334
7118
23849
1154
13048
3607
23611
12543
23042
21693
18870
5157
10125
19437
17933
29029
10694
29703
21272
4352
11671
31964
32680
4404
31221
20422
17436
21010
15132
17677
4298
30871
12099
1653
28111
5454
20276
2716
7759
24154
18840
4688
32745
9355
14487
8899
22974
13936
32247
7415
32008
17501
10883
19601
31701
2985
16923
5567
20789
5944
3741
19328
8354
16116
2092
11595
12593
16246
8758
5281
31649
18117
2352
30928
2315
10936
3447
8361
31350
10510
7327
8098
24709
4378
17143
5515
3221
2641
15259
5485
15297
21192
5700
6659
26250
19538
28252
947
7857
32361
6090
17821
14152
22244
574
9471
31197
27366
25770
16308
26100
17731
1791
29777
26346
28424
14591
16365
3789
21147
12707
13129
15214
24949
13058
17071
5518
24
25476
27010
6287
11139
21921
25611
17381
3864
13325
8119
15849
22884
30975
29611
2674
2557
31641
14608
1601
12851
30556
29747
6853
13831
32261
27959
5251
594
1254
22684
12538
26846
29540
1442
22404
25254
16627
29195
844
23588
19811
8334
11029
26418
12078
8355
28219
14763
14291
23626
31962
16258
26403
31181
5059
15041
29407
27943
31603
29557
26809
13954
17413
21785
17771
16551
30307
1767
9242
23556
9755
4043
26140
28784
13646
28326
25468
12697
14168
15083
22928
26477
11510
24919
25949
13758
22440
25673
25654
15277
6282
11930
5543
25938
14699
949
20057
24448
7613
26399
29751
18241
11105
31083
22734
27720
16930
16394
22363
20253
21282
6431
24789
27016
6233
15411
22697
18753
3738
7179
20888
4780
11137
17855
23249
8928
21263
29872
8672
15879
20344
665
14032
149
62
7850
15464
10133
7265
20024
16138
13804
15853
9489
20840
492
31734
25422
26328
20583
6806
14851
12221
20460
20262
24519
31993
2168
16795
22985
25665
10666
21113
28072
1899
2805
16253
5126
32207
12051
1983
31553
28468
11662
27296
13713
29806
2764
2956
3391
19092
16567
10015
11616
21026
1987
23803
21784
13341
20871
23583
9998
23536
23560
15934
22093
15672
19999
4408
30079
6534
27478
29809
1289
10898
7931
19036
2075
14864
25562
19776
26775
18680
26570
22737
17692
29872
14252
28883
27706
18711
16952
30642
17290
9007
5522
9857
10451
12456
25909
10874
32567
30018
9070
21201
4583
3976
19255
29718
16750
15123
23790
5447
4229
18229
2547
7434
6309
25944
6385
3188
13948
21310
11794
24337
23004
31153
22571
26323
21615
8468
3424
27866
17933
22934
8066
1786
23877
9670
8694
27709
3636
23167
16542
8572
8560
48
8409
6533
4213
19892
4929
23349
3213
5637
7834
27201
18654
13885
16839
3654
12262
14933
13421
9760
4160
2955
27506
31848
1091
3051
14390
3155
25499
1856
32484
21767
28059
23073
14871
15356
3767
7332
20311
5539
11042
32412
6644
13869
13376
22597
1804
27391
32293
14957
10095
28640
19982
1602
14716
22942
29266
17697
24293
2706
24574
7611
30651
5114
20938
23610
30176
27080
14311
4083
27030
1307
28562
16785
2430
31812
13609
14736
3569
13797
4839
14113
24926
12064
12887
21654
25811
21437
28121
9920
22912
8586
19322
27004
26046
16114
10710
17469
9628
20353
23405
24051
17582
10093
13435
6253
16505
2593
10968
24532
10335
24115
5968
923
31163
13296
27448
2749
5191
8749
17616
26091
13487
22467
14487
18127
26828
20150
25942
15394
2696
20635
31814
32546
31796
29308
20058
8021
8863
22816
11076
28248
28369
29987
28305
13831
13097
30995
31408
24543
31966
4661
6502
17714
15592
26459
17636
25692
12451
4057
15422
12213
13399
5901
31130
6083
30539
14304
10291
21164
27337
17928
5052
14228
15092
14729
14985
19770
10769
922
12092
26563
17531
15007
20120
25139
5392
17831
31126
9425
18310
32342
893
16951
32720
17128
22371
388
6972
10367
43
11442
4496
26788
14726
28366
16964
17266
95
30282
9027
25216
15481
27750
1146
20314
5342
9015
27928
19154
19501
8314
31958
16694
8603
25598
13685
14847
9993
29976
7707
30771
17453
25378
21479
2920
14976
31169
20659
20422
27941
29236
31379
20053
29635
26525
27726
5398
5823
17619
22688
31101
16141
18147
28600
17962
9056
2069
18455
6019
4101
21472
31078
8557
3720
17621
22976
17162
28095
25142
9025
11242
14974
7033
12670
26836
7384
7353
1064
29925
17780
1933
17813
26209
8740
8315
14771
32046
28780
31193
13183
15265
30846
4482
31909
18634
17035
14177
31916
9773
29744
26533
25247
16731
13108
3005
7618
7304
28274
21022
3983
12254
17807
32112
4817
16365
29574
12335
14670
13355
8158
21152
31502
31529
19949
15756
9
16574
18732
21686
11897
9462
26936
12508
15829
16720
22492
24938
14342
7273
9966
10989
4100
12984
31634
30651
18109
30183
24592
29966
31921
4753
27884
3922
18519
28454
28090
11543
14092
11566
28067
10436
32720
178
13140
7571
9431
28766
9084
9552
2677
895
17638
8351
26531
2415
14483
5240
26095
268
25607
3050
19529
13564
19341
17930
10694
25731
11739
17509
8979
18195
23054
3861
18139
25459
29877
14360
9005
4627
28702
20544
16224
5248
24534
7332
7107
29405
1757
27672
27082
19116
2998
28912
21856
26836
7439
31674
28986
27563
1398
24701
9740
16406
13323
12400
26080
6071
7147
18150
23183
29845
31615
28852
20447
6513
8376
12806
14224
5223
5772
24353
22304
13395
21518
24914
29895
2027
1214
6602
12968
2085
21889
24787
13581
17974
22878
8315
12772
24571
5237
32330
7563
7241
2980
28775
21101
25413
23205
30471
20147
19851
18994
960
29903
16225
11086
23778
8556
29724
23680
947
25276
56
20836
20704
11001
10083
15503
6998
31047
28265
6000
20995
10779
3948
13180
31227
27021
27008
17272
32451
8175
11153
25460
13168
8804
21676
4503
18354
30464
13039
18810
19620
5496
19592
1940
12745
15129
5406
24966
25406
10858
31855
7213
26335
1103
16821
14213
32405
21095
2515
19562
29388
22463
32031
20395
14489
20153
11299
22929
11188
24727
10550
28842
3363
23760
10172
2613
25591
964
2077
31284
15918
6728
609
26839
9309
28900
8184
4711
23423
4967
26554
6836
19664
29432
1507
5251
7216
3733
21608
2322
6747
25414
30379
19337
22694
18257
15893
14267
12482
16629
17383
9003
4989
27420
3866
17169
26187
4079
15299
6550
8137
19167
27686
8239
12337
16746
21029
23707
4949
21325
23158
22959
11835
2242
29078
7342
21309
32445
32020
9101
29699
7926
31351
16447
10622
4864
16284
16530
20076
6000
5885
16881
29158
7595
25874
21489
25519
2173
10872
9255
3318
16742
4417
22893
11433
27139
17002
1129
26407
1708
795
7836
26052
11512
4060
31017
800
647
22192
14283
13839
11773
3978
1124
5454
17861
17707
2805
27390
17873
10062
1421
24430
10031
31053
11091
18266
23012
8032
13670
6781
6954
12037
24590
977
28596
32210
22056
23953
27493
29830
20614
16309
25949
27364
25221
4126
16628
874
28847
16494
4580
25755
9737
5668
4966
18523
26640
32260
12223
10272
18768
1225
12122
20435
19925
7008
5137
22382
31898
19929
9997
28243
13443
2226
21799
456
2871
28854
8032
6838
8122
11910
8875
21880
16968
24362
3031
4352
7839
8189
12816
24924
13674
25770
3092
29758
25941
29361
16827
27827
2981
32383
15692
17908
24600
31430
21861
3013
8007
13151
29240
10633
23145
18854
28212
14271
23309
6371
25595
2631
29916
28124
8471
20590
24372
21877
3717
23138
17407
4782
3532
3643
6352
3367
2798
16779
4822
15816
22834
2793
5647
18401
23121
12678
25460
2470
27977
10155
462
32664
13211
30546
26673
23322
24946
14079
20745
9428
1746
32600
20471
12422
3427
28878
19621
2093
2142
8996
24611
18745
26970
22363
16916
14125
14022
30499
30353
887
32268
21373
17746
31526
28009
12028
11821
28589
18117
28318
3777
18531
14003
20183
173
14164
2125
12554
8021
3149
12354
77
24543
5615
16125
19199
30119
26870
29588
324
24853
17090
26264
20247
15960
3218
5546
17267
13604
18864
32337
25704
2637
29525
28694
29398
18306
29112
19358
30460
13650
578
1568
14781
32511
28589
32298
3346
18310
2389
30788
14553
14999
17292
30626
1951
15406
23470
6348
18910
17622
16123
6558
13475
14429
19474
21442
17194
6250
21375
7252
14794
23537
31838
15610
4851
28722
26316
4228
32202
30583
3687
13952
10370
15753
3022
20251
22297
4443
25785
16909
16890
16137
7881
14607
26207
17658
16851
12272
21798
4738
25402
18935
9030
9742
13365
32242
27090
15485
25041
8157
16892
29422
24045
22712
23598
16353
25883
15051
14353
52
17921
21016
7610
41
4948
22158
18202
26665
587
32493
11069
18620
17383
24888
5017
10404
10293
20197
3656
29661
20244
12506
28338
31148
4847
4291
24764
19379
13889
15091
6453
18309
11645
13735
26856
24555
9081
12324
26200
23181
3899
1474
1183
10872
24201
32403
17626
22390
22855
6414
14818
32230
30298
23953
21718
25178
25430
1661
25496
22482
31972
9456
20721
20270
26226
23582
4295
20973
21586
21149
12619
27137
29727
4807
19675
3109
11214
16622
3768
424
10357
20391
10107
2663
27263
12332
27848
32560
9621
26215
29275
8307
26402
26072
12570
29888
1811
11828
19371
9810
27356
17446
11886
11839
7109
23629
11137
20450
7596
23605
18961
28257
21633
13959
19152
8705
6922
7556
25095
8848
30268
4169
23151
8135
3378
25882
14979
30754
15900
9353
8357
27237
19862
20205
22824
23929
17903
32571
13244
11807
10497
19457
21656
6512
6030
18626
10280
22225
1492
8132
16073
17319
32167
26063
10414
9889
19199
1823
28834
2095
16507
32332
3864
26940
1565
27586
7529
16641
7413
7597
13304
7737
28467
9780
13425
4066
25782
16202
19438
5387
2216
28937
14241
17167
21907
14638
18684
5396
14804
20456
19763
28497
22247
6107
22111
19537
25295
19640
29515
18912
27488
7571
9599
24350
2005
3481
23506
27818
17847
14223
25173
5017
21217
26114
5915
20333
3778
23482
17903
13073
18928
9651
21457
24619
2948
24927
23918
23589
14443
1987
6839
17791
29076
1877
15386
8173
27195
17540
3238
30017
22661
31263
28407
25788
30474
26768
18782
27154
22170
19605
10348
10506
31787
13204
17819
25138
30593
30066
14956
24805
17330
24918
30459
12863
23397
1134
5551
18578
30505
24437
23592
22081
27892
24900
9331
9906
7296
4709
1997
2971
15560
1856
30532
6287
15256
27676
29907
24143
12479
20409
23128
8962
11012
14089
2677
13343
21949
32273
2533
25194
8808
6068
22152
7
16980
24487
23566
21577
20751
26530
9379
26766
6362
29252
22234
21746
22303
11251
14461
19324
22374
9096
18600
3029
8193
2613
4649
10584
17465
23495
6591
8418
15465
15858
17032
9044
25873
9967
11608
13709
31379
12671
30360
22016
4070
28112
18620
15331
6947
31868
1
31592
17293
21118
5866
26174
8491
10898
16742
24320
5837
25101
32577
2582
23528
19690
1307
19951
11349
28253
9667
28765
26781
30946
25727
20016
14885
602
2889
11794
2848
30323
1734
1818
21208
813
25694
16201
23429
222
7531
26025
16224
12534
23822
16240
26504
7171
9479
10048
22437
22902
8265
14612
1547
8451
4324
5418
26773
12089
6479
10189
15176
17550
10201
23428
22040
22445
1441
26308
11314
31092
30970
1534
18287
25289
3589
26190
16245
12778
28295
19700
19588
32408
15628
8992
10921
8717
9645
32098
2714
22862
18855
31141
18984
17949
20874
26163
7912
17484
19520
4073
16917
3829
4102
21864
1451
19110
5348
12442
1797
14136
14055
20379
29713
3488
30964
4522
3291
25530
16315
19548
13208
22942
3807
8457
31302
20904
6410
25060
11602
1568
28260
4598
24433
29920
17225
27306
29592
21281
11243
1390
3667
2318
16421
20297
14503
5766
25934
18481
21294
14329
31373
16197
16540
11252
22220
16614
27583
6034
28172
17195
32107
14765
3692
18643
15246
25144
29672
12934
9011
31971
29811
18869
23525
27576
15506
14390
9087
28676
32623
6957
17925
30088
7128
12183
7672
15744
2617
14923
30185
9400
28263
17674
29943
4488
25224
5551
1102
31776
32532
25684
21639
32076
18074
18633
22092
23884
29299
8028
6733
15920
10325
16556
8498
12952
24366
22454
11488
23416
11386
25861
8437
1295
22964
5532
28933
11503
31846
32672
32728
24702
22953
5806
11098
32016
8408
15635
3518
2121
32669
16154
15587
6429
15422
16629
1430
8044
24987
14227
18701
16824
6932
26690
16262
1608
9457
8876
29584
3699
12487
29766
20020
20633
19403
29699
1219
30425
14245
30891
9658
22069
15644
5075
25295
21371
19029
1830
2757
246
11591
6475
28254
18785
27995
13103
10336
6762
11801
1628
28962
12940
7971
10341
19177
31673
19594
3909
27854
13801
9497
11773
24233
8772
17097
6283
14589
24889
27722
4564
28834
19324
25874
13765
32374
14202
29713
5528
4091
23162
4048
5054
15983
17991
22855
6283
3742
27081
32129
22650
13342
29876
14471
22622
16253
3058
2803
9102
32594
24099
15858
17324
28929
23862
4153
31060
9821
11151
22790
30857
551
10516
5367
890
7672
32216
11003
10669
4283
1525
18038
12649
9608
7047
26148
17592
24397
27042
13819
25352
26196
13443
29929
21524
12617
22764
1522
26712
25630
11859
24250
14063
31662
29964
19542
16491
28076
2886
409
27079
26890
18761
4345
8755
23478
7968
22180
14882
20223
23365
28149
31145
3267
25536
6196
24521
21516
8344
30989
9180
11371
24637
16379
5684
9206
7190
15415
21568
29830
13569
29619
28799
12629
1366
9219
11764
14024
32599
5847
17026
8923
31987
27208
15176
7484
26367
22491
6525
10931
28678
9114
3638
12344
18476
12165
24292
9878
27991
13828
29723
20526
3211
26805
24513
1799
20171
8092
18276
29168
26042
26443
4914
7222
14735
4941
2428
3034
15299
1168
6782
1812
6005
4732
4008
16992
16897
30626
5450
11524
19476
18923
11571
664
17679
24700
1119
11465
2076
6257
25975
22809
25641
11250
5525
29451
15715
17901
20542
29649
2189
10057
21325
11540
22067
4373
31486
23873
3398
14799
21006
30763
29258
23166
12655
8100
10762
23296
5813
19496
3101
21374
14334
7806
21373
31671
4036
16289
2246
14153
8849
5399
25464
14564
7240
25678
21824
13537
4660
18528
31687
20049
15069
6675
21327
20560
17422
6849
13795
24557
6982
22321
30881
8617
31809
20561
21024
20518
27938
1060
8885
30800
30486
29177
14562
31174
26175
10666
16880
2328
11021
24066
16443
17377
6911
20343
7794
28055
17985
13447
18578
9801
25435
2576
6435
23392
29097
28248
25272
21770
9991
22088
27515
6503
1205
3271
20996
27002
2846
256
2183
23111
29626
28886
23770
32580
7165
31087
24988
16844
25547
2143
32313
23562
11689
3250
29016
31806
28248
8079
10940
22539
19798
10480
3914
28162
16182
17767
31635
24144
16006
26298
11993
8703
22391
20877
12804
31470
7744
14089
19442
15691
24485
14874
9676
3526
26343
13413
26590
24233
5068
1989
20761
22609
12069
13760
6364
28748
29672
22271
19558
15619
7793
24948
20206
4707
813
29820
11484
9891
12721
7917
4208
25839
154
17306
22440
11840
2680
25977
4304
6000
9085
15677
31956
13858
9047
1738
9240
17598
1598
30099
3086
20559
25551
13209
12705
16851
2573
14142
5614
26387
11863
6396
26763
9661
7658
25194
11324
15897
8964
5341
6251
29035
29569
24145
29606
644
28993
8228
12460
24008
19562
2977
14713
16539
13098
11522
2362
30349
10808
18001
32712
13696
27899
22508
14037
18549
19431
9573
4768
4965
27420
27073
19887
2339
810
18190
22685
28376
22854
18834
5299
16233
3080
6083
12693
11156
3395
7326
19478
4680
12631
8890
21923
24407
8132
29426
18839
1342
10392
6735
18237
16720
3545
32565
19708
2149
12195
26325
2751
23682
15737
30748
3918
25301
5809
10835
30190
23498
24496
25097
12099
7633
322
18336
2552
26070
19160
8023
15731
14143
18519
7035
27241
8123
1913
17868
19126
492
2197
13823
9125
3204
27197
22453
31560
14866
1703
773
4940
8281
13699
7985
16672
29878
13464
28656
25895
32169
23806
2590
8
12358
17011
15720
14087
29406
9733
1335
32224
27898
17602
19317
5662
28441
32484
29912
8633
21399
7022
20106
10324
17536
2017
2548
9216
4318
25449
31741
29720
11916
26684
20896
29321
11358
24011
23651
22824
13035
10731
32230
10946
16643
22187
4696
27856
4964
30289
1578
11422
7664
13931
1074
3116
10053
11946
24000
26818
30247
1999
30492
5849
4839
31353
7988
11370
25977
23926
18979
25771
29606
1699
10929
19841
12606
8491
8092
10455
14078
20373
22037
14722
19291
30602
25476
5395
29462
28949
27957
2430
15886
652
15689
12088
14193
5658
24773
24050
18185
27996
7021
27611
27660
17225
8808
25800
2129
19479
10153
16482
30114
22161
19567
3094
21863
31194
4587
32520
30055
13904
21445
1048
17225
16306
16577
28526
6865
19106
8826
21222
16805
11993
5555
13844
7665
31558
6529
23648
9194
14563
5120
15704
6350
3222
6166
24790
8345
12334
22601
29290
5715
22047
18254
5352
28008
31547
28586
18616
19773
27992
2126
5411
16035
25949
15539
5723
7581
32485
944
6104
4195
5947
14543
31733
1878
12548
30863
24489
16389
25017
160
10897
28729
2434
2499
4439
7287
9650
14765
31225
12313
29152
26553
12094
13248
17164
24
25094
31088
5118
21899
7451
17505
6570
10913
2410
21779
27115
10155
11902
22771
18102
21418
15478
1891
31564
31428
25215
13466
26823
13718
15962
21910
25309
332
3880
22200
21852
2329
1880
16773
22155
26154
24345
31859
18995
13295
8830
29306
3245
25374
9198
9856
17666
13956
32078
8606
30923
18758
8143
18868
19451
26359
7143
87
31379
23115
2252
28908
4537
10266
17441
12102
14675
28865
10342
14004
32505
27339
21038
31808
1687
5676
6619
7478
19645
26690
2349
15839
16995
17708
18850
27389
31032
9160
21044
17161
23430
13914
30891
21247
545
25164
31838
27927
9856
13899
9683
20071
28375
26232
12365
11001
25992
9019
24594
11959
21739
24473
27042
11235
31791
20712
9194
3759
8564
6658
26875
16397
26904
12559
1669
26741
4549
8014
12509
32246
16454
16157
4372
14235
26118
5394
16418
25268
