29294
22412
719
19145
18615
4745
10077
17758
24695
5564
22002
18212
26586
14364
27725
2135
11335
30935
5364
31010
27488
21457
17275
2788
22809
20246
439
32328
26975
3686
20643
6228
18853
24701
30640
4289
26640
5267
2151
28931
27597
29941
7253
29600
7059
1646
26254
16470
23827
8869
6611
8736
14762
11870
24559
2244
10816
2840
11958
20530
22004
30229
10845
25763
27847
19885
31958
27405
22809
12310
5441
6669
10344
5587
8754
26651
17783
27712
19784
8312
27517
19338
17930
20692
7109
11757
1448
22131
21656
3251
25844
6656
21043
31247
8574
17939
16326
13731
17970
29929
28804
21476
6098
30340
32279
24463
9446
26868
926
24227
27809
26950
6624
23342
14254
9245
15126
31430
14744
407
18992
20019
24842
4330
9018
21842
24786
13440
22537
14860
29474
24638
3602
32679
9283
21
22475
21103
4459
21918
24019
18024
31792
18519
14683
10794
23191
17492
864
7644
10061
22599
20867
23744
9592
19464
9005
6758
3812
26012
7957
31574
15136
832
29485
2943
14761
5544
11832
9059
6386
24130
1082
28604
10141
8676
7292
17832
25856
16624
18787
6245
4490
23210
24610
17402
24395
18938
20434
29446
9886
26260
5414
11347
14931
1549
14741
4001
673
15626
12911
30629
25996
22877
11752
6605
14140
31346
10710
21255
29737
3620
4478
7037
25320
19608
5454
6559
27325
5764
31033
32699
28649
21934
13264
17875
24120
12373
27119
27642
13802
1160
6280
16474
28356
14688
6028
9830
22708
113
3755
4985
18677
8832
30282
24522
24189
26426
21655
10530
30674
4140
4184
22397
6224
15336
28838
23120
29249
22257
12915
28623
5905
1166
569
13874
28225
8786
8711
27025
1946
13780
4482
1952
9355
13456
12099
7448
28785
10921
132
16215
20221
19935
5541
10063
27547
1687
24528
2433
19570
27016
15748
8539
5896
330
2428
29959
29797
8046
4371
6457
5651
14780
1229
13106
17651
6269
14174
8694
7847
20367
21800
5640
13751
9360
10176
29159
11381
8459
30385
5121
6660
8239
10324
9580
5321
11337
27433
14208
7406
30913
27101
23747
21875
12815
22921
153
446
15789
5041
2911
6488
22726
25292
24476
29482
19667
12815
28487
3332
11818
28294
3822
19456
18691
6530
18188
15859
1564
20896
12970
25493
10451
29096
31927
24288
21789
20954
17550
2202
19554
14859
7248
27572
17657
10378
29363
29896
10371
15196
3170
18320
25110
18182
14217
9192
13778
30650
7961
3954
24560
16220
4512
6320
29242
19567
12890
31724
4927
21425
25025
14846
25435
6047
13679
19590
24644
20202
5579
4849
10334
21622
2743
22306
31687
26880
26325
24653
18869
16473
23527
30228
32055
6557
4392
30158
5445
15232
5966
12092
24694
23398
3187
9668
30068
14231
27815
3789
13781
650
27352
30094
20905
9940
16372
20514
24240
26877
9529
2423
9907
32260
10466
3892
21825
21252
15183
21085
9621
31774
13622
23842
7692
3676
11796
10182
18244
2497
17613
12897
8582
28342
31467
6327
25548
9008
30104
22773
19546
27106
24091
24062
31580
24403
13867
2383
29918
13876
17170
30789
32704
17958
13651
5186
9267
28060
26860
9348
3265
18723
1338
5267
390
22543
25040
29004
7669
20523
26766
17058
15879
8076
13193
24434
28786
28008
24635
9390
3
20592
32756
6282
24306
27301
12323
30252
27558
10368
15284
26051
9948
677
12652
16585
2036
22310
6574
12701
9395
14573
26834
16752
24147
29039
29135
32500
13951
25237
30594
21503
21343
31807
2470
24554
4748
4738
7430
16388
22346
3909
17718
5930
290
15273
8364
24865
11389
13086
26275
11777
1950
31680
6412
17797
8915
15677
8990
27096
13179
8439
10247
31994
17927
3082
29600
11137
21440
7447
25046
29467
7626
9652
10224
25315
3935
14514
13733
20244
15874
23625
25197
24958
26352
30904
20020
29573
1458
14719
17192
30279
20587
18715
261
22782
2831
5303
10441
23909
15162
7893
657
7572
21307
21951
3506
11837
27448
25597
13837
17423
5171
1745
10241
4708
14633
8268
3889
15670
24405
30776
4804
12254
26370
28827
7310
30126
13098
22610
26381
20808
22197
32738
28910
17149
4795
16932
19263
30282
4565
21545
16956
10776
24879
25929
7983
5870
12461
25079
13431
6685
24572
2440
2954
1101
20285
30910
26413
21915
20046
20648
23305
28952
24228
15034
31751
25847
18448
14600
9197
19584
16755
29390
27861
3179
9002
862
26690
14820
16740
15070
10155
24605
10589
15937
29554
4086
3336
1306
1925
12504
11601
23015
23455
27039
3024
15055
24564
11220
6473
18073
11587
29527
30480
17190
29280
10270
13828
16488
26529
16186
18012
25703
17215
15387
2118
2710
4223
2704
7640
4657
26088
21923
17288
32061
17825
32546
3315
23334
30058
12082
28764
26545
21149
6894
3079
18597
4331
7359
1265
27156
29036
2223
18278
8931
21012
19099
20030
2224
31819
21447
26195
11282
21512
10495
10348
23422
30565
514
7261
1279
349
24225
9420
23667
30919
15780
29612
3487
32682
15600
23570
30466
5407
23148
24250
13346
12059
20575
19240
6995
6078
8155
16362
17661
21639
18266
14642
14267
27763
25432
13715
28265
9375
2625
17728
6892
16804
7357
6389
18915
1690
32525
23069
24928
2349
16297
16019
24095
1264
4875
26331
12412
7834
17466
9849
11261
673
17702
23156
8680
31000
27040
27374
30958
27523
2911
297
25008
28611
23810
23567
10594
13852
3533
503
8593
13993
3910
22223
7578
11648
20928
23241
9217
23335
9261
1515
9099
6599
3967
22987
16764
9743
1356
23358
12332
32121
3353
12896
27264
27148
17246
12296
12998
16025
30934
27730
18629
25820
4210
6804
29876
12713
24001
2973
16947
31186
15723
10198
6189
7489
27848
28526
16400
11291
17770
18276
26740
27823
29950
1738
15589
24405
4480
22631
19993
26657
1391
6486
15267
1262
16196
26091
22938
26834
21263
730
27260
31942
21699
16669
30487
8142
7500
24538
21499
4011
27719
18424
32113
9652
27564
18929
8401
2571
635
18132
27490
10762
7952
25145
3296
7549
12642
865
17691
14486
28940
2169
20991
20372
17076
8081
9423
11076
7133
15720
27385
23673
9225
8935
12481
32531
1391
20136
12609
5064
26468
6320
18759
25233
26636
2787
30692
22084
6812
20904
24907
29788
4890
23697
26170
31438
24594
30605
5056
18478
32372
18932
29895
297
21328
16655
10390
26870
2788
30893
3803
6397
25591
13497
23466
11897
27180
29576
31593
9145
29070
2361
22566
23801
18743
4334
20388
30634
4774
20891
31465
9584
30419
30840
19907
19177
4572
17383
3677
15561
24983
26180
12942
19598
19248
2219
21066
24748
26450
27221
5146
4781
13375
8685
16941
16467
4261
693
5197
9119
31178
6161
11382
24546
29476
3764
18829
276
15652
15129
19794
11473
5285
14811
24627
15214
7153
26333
16231
6620
18967
7424
5939
13289
19650
22693
13573
14589
11395
29698
23167
21510
15119
17584
3166
27125
24215
26306
23975
8396
11520
31267
28973
21462
32088
937
14639
12358
7583
999
24154
30
13932
10866
11555
10195
5591
21735
29210
3545
7793
17808
19293
2494
28373
11848
9992
4943
516
20673
27666
14497
2110
3577
9399
25788
3022
19275
28429
14095
7362
5174
31293
5776
14903
21607
27689
18955
32647
28283
13630
12725
16174
20555
5510
17606
11508
30292
26599
12397
1163
5232
11766
25644
14667
21152
20592
31273
12175
14699
5668
16567
18341
2491
29830
13560
7673
20744
4856
32011
21448
4880
9032
25331
30519
24316
4016
30687
14678
5790
28702
25155
3124
4813
15926
26545
719
10456
22830
1567
24631
24919
6195
26302
11002
29054
27563
8033
21866
15506
25426
5578
6941
19416
22707
27425
5998
18404
31563
7217
20631
3800
3355
32219
32397
1976
17437
27582
13389
19375
32445
24989
17936
10922
18179
20181
20082
29000
445
15803
4121
10992
7341
26454
8498
25386
6212
32409
20909
9819
26403
25824
5290
12869
20282
5112
24911
27536
15858
22733
32451
17965
23166
31812
692
23267
3849
11905
29029
25917
17162
29568
27146
22878
5838
28281
6528
10787
6560
15401
20852
13427
12794
4792
6515
5459
16487
6320
23288
29913
27554
21217
26959
2283
32263
11251
6570
16142
18943
28345
26478
7549
11457
5967
15456
11
31853
7515
25579
24130
30710
19624
29823
17559
11567
26565
4458
6972
15032
11024
21356
14802
22874
21801
26052
8119
12742
7271
30990
30045
12685
28552
5388
15299
21388
2701
3565
17331
9686
18201
29028
12046
16538
8864
9068
23337
24407
15095
6715
9128
24340
31935
13467
29214
2600
28061
1366
1846
21403
24281
8744
22219
29154
27562
3135
12556
10804
28933
9184
18245
4994
11118
18567
25520
8612
23014
19030
26661
26341
11199
10598
22603
11214
22936
19225
22624
17050
6306
19761
8832
21886
6567
29199
189
23640
31791
18732
23339
26685
2189
12894
23936
2239
8783
10810
8342
14482
14146
29049
8385
31939
30130
6367
6790
13126
20302
18116
11227
29541
15525
11039
20672
23581
22503
2636
32413
14867
15385
3775
17013
4237
8348
11556
23189
17994
26507
22097
19731
233
18439
30162
30982
5876
25640
21418
4357
29322
29960
23391
21011
17404
17855
2596
8922
32122
30993
22902
4996
16031
3068
25409
30553
6148
12787
14374
1476
25845
1646
28714
6400
25296
8631
25021
15742
11062
26075
8838
21858
18425
21255
313
6253
15666
24916
1826
12546
8079
16541
17364
9165
6803
30110
11525
4100
11297
5689
14384
11004
20546
25947
849
8792
25017
16804
26002
19652
4512
16518
6269
16837
2522
27200
21954
5582
5088
22962
17779
4195
30439
1438
27645
16063
11821
12187
28414
17917
6560
24474
903
19584
24835
29042
10266
15068
27385
3215
28750
28975
1859
25736
8084
24191
15620
23553
7225
11324
4988
4531
25488
26812
9546
615
7032
18473
23544
16637
9572
13258
21276
20587
12932
29826
6143
27181
18502
19889
17513
28228
26666
23152
20681
24709
9565
28593
27517
12684
24127
10877
10433
8280
4013
10755
30797
17450
19290
16899
31592
17638
16978
12942
6061
29383
4155
9926
30858
19713
932
25859
6922
6467
834
14126
32023
29951
26532
8936
6937
17339
11392
3513
3147
3184
15447
25085
18434
15001
19689
13838
27513
20005
19047
22438
14728
20527
11031
29245
815
24829
13483
20384
12705
26199
16427
28329
18411
18430
24836
23738
25620
17055
32588
25367
3382
10292
29977
12779
30092
26498
4666
16242
17747
27359
4453
4687
1183
18731
1402
8878
20549
25195
5408
26267
12122
21562
32418
31323
7292
14508
21902
9840
10177
23839
14145
18784
31680
3304
21275
25627
2502
11892
5843
13409
12004
18477
5842
26943
17731
3305
26204
4684
19098
20081
692
29420
3686
10038
14366
24470
14361
21236
32614
15258
26391
2201
15837
4766
13293
13943
4541
8598
29663
17498
26694
28596
19847
30133
664
22604
28355
12510
18929
7004
2572
20139
25504
13072
10908
10435
22648
18725
27855
25382
23395
14264
14689
26753
17962
1464
18459
16157
17213
18357
26621
16159
20185
14992
22687
18774
16803
19975
25099
26725
29249
10709
20006
17622
11086
169
28695
1830
13960
16617
1026
10643
5553
25557
25302
22019
11610
16410
19376
15099
9555
24009
24028
17742
5665
22014
19513
25278
17031
18782
21572
23651
6093
27901
6348
30308
32496
5659
10714
21780
11460
2433
16655
11823
5741
9257
2875
1952
31588
14159
15792
13247
5590
10934
12140
23983
30110
9365
15276
20238
21014
5946
21877
8927
14892
10508
26830
22566
31268
29745
28780
10578
20965
6110
1006
13361
11851
1465
5247
22736
939
23203
4964
17474
10067
27284
22386
24296
6502
29710
17464
19578
6154
12323
30498
22184
4271
10441
5266
31205
5013
26556
14459
24146
20865
11503
3024
19890
25391
27638
4452
12706
9618
21696
25329
21543
21945
9298
20523
32544
19129
26353
8104
11753
13212
13789
4848
20214
6909
20268
17578
4613
8599
12079
378
29140
25775
3898
22975
3919
23766
24158
23574
3677
11564
27989
11780
29563
23278
8017
4586
923
14508
32299
22254
24211
30766
4359
12604
30469
20917
18687
3712
10533
32460
16450
9279
1161
27300
25723
13120
25540
29034
30235
19664
10011
21454
2735
19560
22103
9078
30983
12723
4187
24767
17076
5320
1447
18915
11967
4037
17849
30479
24187
12010
26046
20163
11666
16810
31149
8536
11083
17649
32661
21038
27557
4220
14192
24760
21339
30377
28797
25358
23202
8166
6081
6021
3881
6236
18912
6721
24126
18501
21820
1913
25836
25812
30662
25234
11328
20798
14000
32284
21688
25898
29861
22550
17505
8014
26117
27056
28616
28856
12540
18771
20128
1748
27182
12605
31090
18394
13618
1234
20091
5911
6814
19000
20555
27609
9291
15743
14740
20421
714
9802
32236
30363
26074
28777
8253
21354
19515
13220
27622
21637
24010
22105
13942
18789
26017
19065
23649
25374
14431
3013
11208
16848
15734
523
25829
5864
28949
14745
24727
3566
1703
2003
18886
27376
23230
10597
10072
8067
7624
13128
14532
31906
3947
20307
24620
8631
17751
12473
336
22091
20125
29833
23924
7653
3972
15813
2294
2782
28745
19547
8122
7915
27646
4588
23168
25965
13085
24278
6042
25973
28760
11706
20019
3812
19596
21293
15362
24509
4460
27406
27068
11374
16695
17527
25451
14150
9291
18677
13898
6445
11272
27469
28273
26393
7480
3498
27469
32144
15011
1731
29274
27887
9010
31007
27749
9982
17830
3889
12810
18400
11899
25270
14580
8734
2856
23909
21463
5893
2230
15488
3039
14966
12807
4258
25300
19095
9483
5791
2550
8626
23683
7680
18940
31242
26317
23875
32138
8488
12443
5027
6090
4512
3388
11202
15785
22554
23741
14928
30908
10733
6840
12096
32642
10542
16189
24535
30529
31722
11802
13182
28798
6563
30479
13527
12175
1008
25725
5179
6006
1213
17495
18531
17886
1583
31270
28079
7062
9711
16185
19449
3485
18217
234
1707
12148
7227
2937
27223
28666
27293
8857
3771
32451
10573
20320
7080
16494
2931
1545
27392
7483
3797
21620
398
19863
16152
3348
27662
5409
3214
22638
30083
7447
22241
16936
26474
21506
8594
13569
5144
24774
20961
27625
20263
21528
21334
9453
12163
21475
4536
23886
537
205
23788
3284
13338
20122
1242
14550
12059
29940
18678
20066
10518
32389
6364
32059
17922
20782
6367
19516
6201
21136
26413
21052
4246
2283
15293
25904
18125
18628
11983
11236
11821
9376
14209
19778
19066
27776
19850
31458
19556
6056
1743
19183
9340
29601
2845
16495
5997
26695
19993
32582
11690
2313
10459
31791
31862
2144
10872
32586
15840
29457
18518
2740
30896
23881
31922
9497
6462
25720
23412
10987
20327
5465
13063
8032
19908
26142
28804
310
8638
2448
13359
26010
19393
26690
19662
3699
636
2551
11802
22427
9127
10652
26650
12705
16509
4895
10977
28377
29615
17125
31671
27264
16944
2893
28282
2067
12256
17742
30577
13257
27836
17881
16285
27563
3811
31319
20236
27488
12599
11047
24173
23397
1603
29596
12981
24355
31348
982
2897
3025
24692
14589
25834
13490
22013
1429
8332
4119
5958
957
97
713
21133
24613
24851
24200
15648
5383
8292
4772
11959
10494
16150
13423
24486
22109
32300
24556
4641
9253
31939
16310
28205
4717
13751
3504
11226
2216
10698
5330
20111
13525
1164
9949
12359
32583
8211
6009
27347
8018
29957
8407
20780
14790
16948
7329
8762
17105
2199
13953
27218
8549
24096
11340
10266
19189
4993
21092
15682
15111
13963
27032
31512
19071
7306
24147
13979
32643
21900
18337
16195
30495
13098
28449
22406
1696
27390
20903
25976
9019
20149
25310
32193
813
6414
27903
10929
17420
26877
10268
25792
11994
12688
6995
6564
29372
9969
1215
23154
25646
1671
25503
22851
30427
431
21211
16918
17699
4199
10383
12943
2247
664
18968
8111
27892
19606
21128
22598
6780
17625
3105
1682
19349
22179
21532
6901
5456
3829
19098
25997
26956
24245
12077
21457
6935
30391
32039
19241
28932
16312
16744
28928
31024
8765
15864
23682
32694
6084
16008
11692
7169
22615
860
22847
22416
25913
24291
8307
29011
13059
3304
10018
13619
19233
26812
27318
18469
26189
31388
32685
9645
16184
23270
29507
23646
11823
9375
31338
23437
1090
7981
14029
23792
5614
27124
20036
8624
29456
19208
22730
23266
27501
19662
17537
10793
13507
5405
16170
12225
20734
21211
30674
6113
12484
17919
9057
2565
40
16419
6656
16722
4351
2764
9040
28114
28650
25328
6827
19200
24270
12285
31881
6321
12540
18238
10674
22533
23333
27413
15467
22184
29309
18486
12198
12123
21621
31115
20372
30531
16814
5684
30431
21568
23754
31624
31543
12546
14098
26579
24491
12372
25252
4329
27331
25012
25499
11403
6673
3535
20228
24330
7271
14910
28743
14156
32692
16497
27452
17894
5873
1096
693
30645
18513
31636
28917
10991
29571
20560
6459
30785
29520
29673
18157
24642
26031
31417
12529
30736
24822
2910
3310
20122
3159
5674
10297
5805
13739
26032
14726
10380
30200
27114
28734
10338
16866
25642
11252
3480
25293
21157
16372
27037
18706
9989
13517
9078
28487
29708
6913
26578
8782
21242
14306
19516
29022
18934
7992
5749
19703
31101
10710
16318
29508
18258
11003
9837
13321
8734
19448
28354
21995
20888
3873
22181
31353
5014
10450
13953
17896
1816
7886
5146
19263
6911
29681
2789
19756
24246
4047
24559
18277
12217
3947
24094
27679
20370
15847
4638
19649
29295
6553
11261
17550
20250
924
12059
28606
9682
1428
12179
244
5119
31480
10006
8902
24437
24799
27041
17053
11421
6351
30007
9665
20312
2270
15955
298
5963
13549
13683
30768
7323
12911
4287
26083
11022
12755
26458
10344
30169
18002
25262
19822
16196
5726
13436
31318
5048
13504
7994
14934
8358
3053
12502
117
3084
704
22180
8949
582
21381
11204
24900
29760
29617
21001
9524
14573
25708
18431
9199
29012
20888
1354
19105
12133
1721
12587
32382
29713
30361
1490
10091
8750
23652
25955
16429
32731
23101
19613
16040
20765
27478
10588
4687
31422
1246
10760
13955
30050
23264
23942
27225
9492
27610
29163
1721
27261
14145
2758
10113
30558
22788
1671
27642
6298
11671
7461
30324
17609
8122
2218
2718
20182
21203
25373
13741
8406
590
5043
19249
23536
10273
2025
13534
9904
18967
3025
7013
21477
12111
24406
18937
24746
13512
9490
24012
4338
428
31150
22101
11886
31094
27067
29442
7811
31708
5667
30306
10312
18402
9835
26266
23693
12594
10814
13955
7723
17526
17028
27255
18895
30965
21741
18299
28883
9089
11108
27383
896
2095
13190
19705
9116
9769
6371
9847
10465
10850
12123
185
9590
23448
4509
21173
28995
19408
31325
1215
28560
10471
13703
31369
25326
10151
4419
24369
14375
14907
30029
24188
14711
3249
14780
14923
6142
8101
31991
17074
10749
19199
4911
8932
8449
30771
14432
13492
21458
32011
28796
8214
1170
11718
30700
29588
19471
32465
20821
7805
2052
25621
23572
17639
21132
1388
29074
18835
9656
23925
20016
8475
24270
27039
1306
3485
22892
14294
27925
16806
21326
22506
22222
7358
13869
1143
29688
15255
17851
14466
8457
29081
1145
23774
16924
28912
27290
16859
5656
27162
18182
14208
18887
17261
21208
18458
12113
13511
9403
24227
19720
4886
18879
31752
31015
27451
22084
3080
28355
13108
16858
27652
13000
21560
21988
19384
16002
8221
24384
14691
14282
26569
12253
26786
1434
24666
19918
5331
19039
20490
29200
17764
15377
7080
12739
13369
29847
16644
22854
9169
11223
4688
8527
5248
22310
8739
31382
32182
26814
16219
13696
31210
23605
9161
18313
12631
25543
4133
24875
16735
25797
31608
27474
25630
48
15294
23595
13602
10000
8474
8136
7698
12497
25779
4505
14233
5244
2009
14451
16509
17476
20390
8036
13954
15767
27936
16977
6734
9811
6467
5596
31005
19099
30762
14022
31931
32049
30229
17823
31712
16126
1202
24616
21143
10497
9901
2679
11285
24199
4916
11912
23778
19488
27300
8600
30202
10871
31062
23316
22292
8898
23809
14806
14301
3376
3297
22703
26024
4172
17510
3129
19623
27375
9167
12334
20821
26889
428
27519
117
28175
25604
1722
12686
7835
26441
22796
24975
1359
32019
11497
18607
5562
25627
19901
121
10920
1699
13559
29807
3009
3076
1320
20831
10544
24035
11943
13578
4735
10469
14794
406
14464
31920
18266
28058
18646
7795
24728
13183
25636
25790
11456
8253
5799
2918
4738
13179
21919
22879
12482
2146
21115
12928
29265
22597
14187
17010
19726
5597
22408
21998
32137
24916
1933
13018
17612
27442
12912
20361
22167
17838
20527
11548
17152
8599
11094
20580
14080
1467
23752
24719
29721
13613
5044
21060
22510
12941
8776
14765
14627
7168
24193
25957
16299
32042
12494
16374
13092
10803
10528
9507
647
16455
9586
23538
1325
1519
31637
15857
9635
5884
12941
16337
19333
3460
9865
3897
29227
13056
29967
19735
26254
12877
17813
5001
10109
17617
28006
29171
22471
27338
3160
22944
6828
26713
4706
6313
3966
32368
9432
30935
29182
10385
5292
25482
10670
3513
1449
2912
19148
19613
2376
4128
14467
22762
18020
22745
14406
16603
20891
31705
23305
26648
6374
31693
10671
3707
14206
25826
32390
22241
11729
27769
26231
29691
21467
8586
18686
9826
27367
31607
28358
20791
30294
10442
19292
6117
31136
26302
12012
14685
25722
26214
14802
13007
21648
21379
5181
7526
26360
29989
2258
14401
6683
5995
12764
8583
15209
31141
27965
26356
2792
23450
17382
20506
8478
30788
24124
4566
15022
17442
32655
31878
22392
8366
22326
11218
6587
26181
16040
18589
1104
10614
14467
2921
7629
30738
13576
24302
6360
30297
17722
18538
28853
17373
32363
5284
27553
25488
23727
13949
11077
2578
29487
17733
24080
12478
11806
7894
17153
7139
21126
23301
1009
9720
17655
31656
28964
6476
28804
5629
25474
11628
27740
6107
31076
23793
13995
17642
1185
15390
2122
5479
22286
16478
25927
16869
9572
1084
8929
32000
30428
791
9299
9610
2776
2958
3170
6511
17440
16133
4647
17190
1082
24713
3155
292
28600
29891
7854
8281
22332
18540
16970
20616
30535
23100
8558
15024
27609
24834
29926
14219
4925
13864
14605
3519
11824
20605
11633
7392
21027
13027
8881
27696
15588
15845
7848
14720
18363
13085
22482
24143
6802
27818
30004
11999
22111
21220
24823
22667
14530
30151
20552
14943
14641
24456
27609
15482
21235
14600
16619
18556
5522
12505
21359
14028
12321
16604
20074
18992
31331
28224
26730
11460
350
29527
7800
20243
21399
27185
26772
2973
13298
2743
32624
1720
30847
24181
13217
27768
11657
28687
13136
27578
7026
29651
27615
7993
2277
12945
31176
31506
307
8079
20830
20193
2460
30176
30731
31254
1701
325
17907
4582
7525
21010
15544
28098
6987
2969
2226
22780
24935
16312
15988
1456
30478
25165
22344
20196
16921
19088
21423
23882
29138
30755
17353
23467
27685
25925
16911
5573
845
5920
11613
7655
25821
22741
9228
27454
4527
7593
27229
19566
16564
27138
811
1958
21907
23289
21086
4872
3650
28522
9582
30170
14778
5492
30364
7319
11348
12979
11371
14210
15627
25930
30552
7485
24966
5971
17541
8218
32099
11780
1179
20219
11236
8560
17114
14275
12719
8539
14561
29515
24343
5979
12374
2121
31178
22003
7228
3121
18334
6183
24688
22238
2731
7279
15945
8002
10637
8661
21008
27929
23898
23897
30116
30008
4440
8610
14628
13224
10036
27243
29504
26726
3368
18660
12118
316
494
19888
30754
29883
1339
269
10872
8240
18923
16636
7182
23472
2506
31036
30475
11631
22881
6207
13212
20157
3330
26616
5507
4877
26294
2358
1077
12987
8058
15215
30880
283
27834
23284
5246
11983
26044
4834
17284
26425
8990
10178
1957
22845
7514
31652
17891
4448
11710
31704
4645
29896
10242
3125
5354
10852
18732
15227
13926
20731
13097
6125
16198
1713
23312
23269
6097
32760
12983
21970
15072
14790
27847
4759
21190
13373
1344
29948
19125
6372
14034
23157
26633
14559
14406
14614
15202
28025
912
5708
27142
5829
778
22902
29913
14793
20412
32291
14995
6492
11869
32089
32703
4683
12094
27891
18312
1345
16390
20398
15600
11842
7356
24625
21718
29545
24619
17660
11696
29203
31356
4786
632
25412
3909
19949
19213
21969
11026
15724
23761
13905
25373
20708
2782
10887
18506
10389
26108
26552
8543
25912
20723
24757
7921
22418
9856
29273
11805
27270
10993
4753
13778
14916
29669
30675
25850
13976
21845
13433
18067
28214
15308
23301
4937
13420
10272
28194
11978
14875
16851
8335
27072
28373
10670
16137
32738
3626
24315
1987
23606
8500
9786
12428
29776
29651
28905
28314
1506
2247
19078
30798
12427
30552
18329
13087
18604
20763
24628
3408
22090
13738
32758
25808
32266
5650
27202
21051
4254
22838
23013
14464
12255
5634
56
6007
24381
28673
14377
20781
28647
20081
26227
22373
1966
9632
6338
4183
1075
24045
559
12137
12974
2953
29744
16452
16160
9592
26528
14362
23658
14912
4639
2771
31087
17423
24784
32573
24062
13793
503
20272
17618
9943
27539
1522
30397
8312
1510
2331
3464
2124
19759
17812
23496
25794
24260
7184
399
22819
31273
24038
29800
9150
1900
29951
13262
11578
12483
12007
2492
20381
3571
5363
4570
26396
17564
16616
20515
32392
22872
14129
25269
31919
14844
32096
20734
8133
18965
25942
9511
20333
28496
23282
23349
23983
17430
27634
17423
12991
13128
16177
16643
5906
20648
16916
14162
23282
17955
30880
18838
31315
9921
5715
18371
3906
25765
21349
23787
27908
2112
21465
19617
6530
6968
27457
4231
2625
654
4574
22805
3547
16303
32055
23394
8815
16687
30
28737
9517
4162
7026
22452
18134
16572
722
30296
1149
5669
17894
6395
2966
20670
20630
13631
27655
2644
2602
15567
19049
29443
1239
27443
26731
6912
27914
32010
20695
18126
14635
31239
16490
4142
88
10667
1068
20091
22578
27994
31174
28153
10093
4362
9682
32266
31850
11876
28602
21256
11506
31962
654
8464
19835
23498
5515
29084
27736
2671
30468
18069
28290
23545
8111
8673
29069
17614
21544
358
12241
24715
28184
11215
4464
1803
19959
27446
22191
12607
12818
1866
7539
19823
16156
31054
28045
13545
27190
28895
29958
15334
11232
20740
12087
20226
28424
20916
22321
16445
3837
27315
16253
18480
27290
6422
30446
22176
6855
29075
988
6241
13784
17982
29878
5870
14640
28416
3732
2286
13801
188
32723
20810
13609
28580
11981
17733
29738
15873
482
8324
6103
28948
22559
4265
19266
4779
22288
30913
25635
1615
13348
30565
9171
28124
13721
22771
31534
16811
20605
29219
23358
7515
1788
26004
5138
4783
31698
4541
3858
6339
5472
21303
20861
26189
1106
27157
10105
12911
4039
10071
8118
30738
10780
4748
7004
27785
1897
30197
9580
25273
14395
12903
2193
20674
10447
25221
12768
7847
22151
12246
23200
18739
4910
19095
13044
15573
18183
14324
23218
6385
20592
8413
23947
19621
24916
30300
8969
12990
4228
7911
21187
31512
15976
29378
4250
19565
27227
5181
11405
6654
10100
11034
27971
11631
1328
14638
31771
23930
31271
8387
11543
22276
11376
3072
25777
16009
21753
12100
14660
17569
28922
24274
7487
4318
32224
8973
25364
8946
6664
23773
17253
31408
5650
9924
14732
31761
18506
28017
2639
7422
19759
15772
7196
30566
19925
31553
28634
23199
26231
8503
1264
27563
23857
18046
17075
19678
618
31117
9562
8605
21042
2095
25515
5098
16231
1385
3798
17880
30470
19808
19715
20917
25553
27099
17189
10335
18425
4246
2560
15811
25623
32592
9734
2120
22650
14348
26977
24665
14156
4763
27394
18966
7126
16185
21810
9120
3241
12433
14819
5953
29739
29220
23147
2349
5270
12985
25641
1371
2590
16643
2809
29293
12192
25458
9785
878
4028
21143
1174
2702
30199
12344
3721
27643
12581
7143
1796
55
10712
96
17788
14888
5477
25525
9239
24002
18299
26348
4173
145
29199
14400
13349
28245
1271
1509
2450
24648
21517
32213
22855
15971
13472
6585
10724
24197
24620
23720
31736
26141
7267
17195
23315
5999
28126
29807
19341
27722
29843
17996
28803
27810
32451
23641
27909
12299
24763
5367
32530
28116
13656
5561
8890
26626
21729
7007
12076
23074
3442
14347
22370
25968
31175
25890
17250
14484
14567
15552
5876
27055
17066
20845
11825
9784
8953
29005
8158
31903
1776
11422
12628
6268
15607
13836
22299
21116
4698
9721
8505
29213
22166
20580
2467
28569
15920
14313
1800
26966
25739
14010
1453
22668
17884
14659
31688
23970
14296
23723
13913
15677
10639
28181
14118
23483
18516
9750
3112
11620
4433
3720
27714
11831
21747
18282
7377
1263
17172
23100
12077
31063
15423
31165
1268
24277
24127
28350
15726
124
3989
2359
13859
31947
12086
14209
9265
21439
912
25655
31684
12912
3409
28119
24191
17481
60
29139
8535
595
21977
16268
9762
7609
13172
5653
17537
15215
13949
21106
20885
17221
10250
27270
32137
1425
6588
31625
14739
28423
1049
20875
10404
27423
10186
8228
16581
29159
12572
11005
14994
3795
28274
22434
14334
29371
20542
4245
11047
23509
25205
1069
31133
19211
32092
8354
8227
7886
3288
14591
13958
16384
847
32135
8932
5715
22195
25784
3883
30204
17371
18563
19316
10573
1539
22078
13120
7523
13811
32315
27511
4537
7646
21147
25212
30465
31901
15269
25445
27232
29884
4728
18679
28328
14629
4510
27819
11761
29481
7567
20903
10860
23289
11751
17186
22024
3446
6838
10607
3346
20426
16341
14426
26781
10976
19180
19792
18979
5733
8028
23370
25186
19643
1522
7725
18992
22209
23769
32465
3204
26638
12013
5294
15795
16848
43
2453
27737
1066
14229
20409
23852
7038
23956
6585
7037
20669
26728
22540
29910
29045
1768
9971
30412
1508
17521
4967
31382
8473
32638
28021
13020
169
32523
469
3208
28466
31093
3128
1091
11912
6720
32660
22197
5096
698
24851
10851
31340
25627
26129
32392
15707
10332
19775
19218
3491
10655
1657
21070
11154
13999
11428
11692
22341
5551
6257
7030
10254
23725
27275
1042
27815
21135
22367
4597
15268
6446
15912
4117
30009
9325
10447
3920
9484
30813
14709
5060
29793
21357
18033
16343
12967
18438
29939
6958
25559
23498
1590
12422
16905
2336
17092
19970
12526
31347
31484
14349
18354
1319
29585
6055
20324
19652
18533
22921
24966
3525
22494
5166
13353
22964
9269
24419
5763
3386
18472
20669
10903
31520
8152
3286
1572
11800
7783
3547
5805
15765
29819
25766
27152
195
11107
21030
22213
27943
11334
9087
27765
9532
21095
15356
5951
9681
8994
11381
30113
8122
5585
8318
2722
24034
31146
17982
13144
7815
32496
9872
6342
241
13488
10120
15456
6060
27598
11315
14185
20954
25549
28927
21193
17633
27969
25810
16068
27210
18858
21376
26480
9298
32743
16117
11420
20048
8258
16623
8506
17568
2671
16354
26694
10875
13269
9784
19077
17078
11199
9122
14897
29439
12013
19716
10081
32740
898
12277
18779
14954
4603
9097
22257
14024
16243
18607
4430
13912
28942
18704
661
13687
22562
29695
25354
2239
12847
23967
15682
9088
1919
7452
9079
1082
9922
13133
5536
23079
9149
996
6595
16867
31382
8131
32083
30075
10532
26587
16455
32565
4869
19557
18449
25765
23843
7456
10842
23165
6314
935
9440
24596
5455
22976
12710
9288
1596
6662
5143
19425
19633
10746
15734
7278
14074
12596
31898
11527
20984
6638
5755
4374
3895
13288
8911
30693
30968
17196
22924
30286
31095
2264
25539
7815
23055
3265
15331
11434
4791
7008
14111
25912
18909
3091
29519
19819
55
30801
6716
9186
21465
5439
13541
29362
2421
23914
9992
15028
8768
10583
23718
4674
12468
14844
14616
8343
24027
4357
28838
8510
9378
16183
9083
4583
12323
4641
21028
22400
1432
16033
6588
1531
12859
20142
3876
2293
6386
13624
3759
12785
13131
31679
26362
11133
9472
447
27496
32589
24744
16072
13407
16349
20506
25774
8439
31963
31336
8152
3948
29753
32063
2139
14164
28764
24254
7996
6684
30355
16605
28598
7187
20350
22204
7442
2503
3547
10278
19018
4928
1695
12010
24892
8209
12293
11659
19411
19720
5078
17977
12870
26071
27562
21702
17925
17037
7374
24015
2481
6810
7092
2312
25344
7289
17890
5165
5161
27354
31631
30647
32491
1487
12553
5677
19494
8181
21102
16977
16186
28016
11015
12385
7544
7159
3086
478
9753
22754
11630
2884
8247
5102
13708
13955
141
2754
31715
31942
6568
6959
29891
23981
11695
24451
17206
31162
4479
12827
12464
2394
23968
25303
16565
20882
27155
10968
16739
29423
1696
16480
6231
32512
2560
22157
7679
9277
28360
21001
8238
30697
17827
3470
7990
28936
18689
11951
1947
1847
22293
17671
3297
7104
910
15217
24790
23297
21247
1191
19731
8124
1747
25156
13119
4500
10463
11956
11070
15271
17083
12353
23788
12232
23865
11564
19935
30321
2384
15910
10772
2884
19501
13910
4408
31086
21743
26008
10424
21255
25339
31563
7562
14843
14523
26016
24342
215
24303
13059
12138
3407
22947
14552
11120
7689
16437
5199
10379
24792
28329
32732
13197
26141
16158
29014
8102
29120
26301
630
27283
29118
12871
18190
17885
32252
29395
27124
21414
13458
29741
13091
6194
2435
21145
30547
18378
14437
30383
25318
29565
29203
25181
6025
9624
8251
21236
11694
16768
11296
2201
22678
28987
7593
17467
11569
5480
9032
16808
25044
2870
8981
7196
18015
11891
22770
10286
12790
17520
15691
24237
13619
30481
31619
30875
1348
13844
7920
21775
19961
14102
20648
11882
26261
25519
2120
1264
18071
20331
27963
31092
3461
20003
21980
7012
31306
30170
21834
27145
19544
15834
8315
31166
14944
1881
16047
21011
28709
10955
30987
12999
24168
10072
20674
31233
5558
18630
27331
26327
26207
689
23471
26566
5533
24201
3636
3439
8541
11396
8666
5774
18958
11808
6059
23203
27433
11193
28131
7575
4330
21775
27512
3845
13154
28532
20423
25786
3203
10950
25222
8293
8328
294
31631
9497
17827
17373
2510
18959
16787
27288
25644
5237
28998
24737
18209
13030
24693
26257
19672
14774
15502
11616
28124
30694
10275
4728
11168
2328
8565
23305
28126
2468
28810
30592
22404
1660
26290
13967
26474
27417
8976
25071
7344
19571
3431
1436
3676
125
18938
7384
29001
30308
3825
3847
26426
15457
32092
18669
9574
3171
28041
21916
2205
6621
0
9438
2187
12076
14870
11177
11125
29191
32445
15792
8016
25299
20913
26065
29865
23403
1243
7607
9119
30356
13682
5046
655
25051
22487
12417
10753
10322
32492
17631
26808
1336
3390
12896
26262
16954
5099
111
25767
3480
19690
8689
11290
4378
23518
13863
13774
25444
21064
18992
24451
12762
22931
3885
9075
14803
24335
7066
15049
21664
11152
9507
23272
31318
29176
10961
22838
13348
5567
17922
28833
32621
13289
19285
10200
8099
22212
2884
28319
19811
11809
23741
29835
5640
11159
10964
31420
6010
31704
256
30245
4276
977
2125
16204
32761
18912
4673
18477
15484
2355
11515
24723
8624
5813
20144
29877
32581
15599
27953
27049
4435
17809
20718
18133
18643
3365
8543
15132
9557
14075
2937
16430
19770
25876
31091
9729
29340
14660
7590
11287
26497
23191
4369
32215
3243
17291
30883
27358
751
15174
2813
3017
14249
3507
27400
12195
2417
23520
6763
28092
23262
14293
18795
2889
30152
11373
129
3021
8728
21425
2686
16137
18375
13202
9392
28307
23664
17042
19774
28957
14661
13227
3670
24784
18184
31275
24488
32256
12856
23571
9762
26341
4647
25337
31863
16587
6784
2354
17874
14007
3906
8850
5740
19757
18383
13750
15525
31321
5750
17524
10143
13692
26183
24471
3884
18469
20961
21458
7010
5985
23102
17224
22743
23195
15729
6354
2338
18845
14759
28584
21972
12970
18827
19404
5852
9574
7084
21803
15283
28356
12084
12545
31123
1508
7408
4800
10069
16736
9233
12104
10846
14399
5883
25321
1705
4413
15573
5183
1643
14035
10574
11164
1196
28180
27811
22631
12446
10735
21152
21321
7739
9247
12236
21967
11065
18622
30925
7602
9768
22765
4223
927
16382
21693
24038
29412
7966
15395
21474
26930
28015
2642
8430
4868
29130
30346
15894
6950
12171
251
2241
22843
9685
8701
31647
13529
6808
5525
30633
20597
25630
13486
24256
24818
24185
6470
1560
31816
10444
27205
16184
9048
26896
8048
25352
22687
11161
21856
27369
14120
32289
25937
14483
12955
9463
25566
13815
29472
15178
28080
29478
7466
13940
16533
22713
18191
7805
2858
27113
25573
23790
7383
27181
1200
17800
13201
1736
32409
29455
3153
25924
18059
15653
5878
11436
10262
27278
15823
18335
26443
22039
5305
14943
23211
713
31563
30775
7182
5838
18754
10388
5357
25360
31713
17518
25647
19
3785
24990
26917
8027
12825
25094
8461
31555
27584
4433
31244
19880
24837
1162
18503
26774
2391
19333
10030
29372
25291
13463
17142
25574
27791
2003
19347
11427
10994
14233
11361
30344
19579
4329
4384
8570
12057
30317
17062
3246
2
9753
31533
22789
134
29035
31715
9420
7633
11653
27359
18324
260
28766
21083
20378
2268
30078
32685
28837
15787
15587
31237
14084
17403
9098
22191
10206
6647
21941
21037
701
1826
3979
19228
5832
5565
10593
1403
4300
12462
27043
31366
19927
6262
1764
27391
6319
19798
10550
28498
18238
19564
4788
23219
28538
4397
25486
29667
25098
13370
11955
18423
17296
15425
18622
12555
31750
17702
25479
5257
18008
1366
9502
23076
28909
28889
31208
11890
23173
17718
26098
18810
25954
10484
4683
11127
32098
15650
16332
3928
25655
1774
10619
13431
16816
29399
13565
5728
29816
25318
6307
13136
21122
15535
23240
8085
28356
17335
16185
21936
5298
14428
23475
30879
30830
13047
9560
6001
7504
1726
21889
28367
10989
8003
1277
9949
21415
18259
20831
8531
3595
5999
18621
5497
13641
28094
13491
29995
11113
18701
11858
26565
21153
11245
10515
3423
8651
19658
23458
13946
14997
19281
6644
18902
16040
27435
21671
13237
11177
28603
1647
28554
17543
9246
24769
1714
315
24139
1475
15446
9390
25579
3578
4202
29494
762
31986
18707
4747
28668
8359
19389
24291
3902
9235
15460
30581
13822
24066
7052
28465
11343
6599
28865
27955
18395
16419
31053
6932
23417
25432
20541
1479
28438
16867
5795
4203
16150
22542
18558
18188
25079
4404
9310
16876
9877
5655
22905
24728
17685
5717
4490
28319
22563
16304
24933
17004
17339
24182
13543
6497
12911
24300
26721
23274
10663
6224
29540
1775
24834
28326
20062
25237
2210
28943
5653
30973
32183
10016
24000
15395
5231
16448
8726
31963
6598
19656
25905
3917
32669
4377
9468
17435
18672
24494
6973
25840
17320
14253
2097
7624
26946
10779
11800
11003
24316
16529
7630
18084
501
19671
556
9885
13133
10598
14707
26354
13276
1947
16854
31559
20173
28872
18321
13387
22016
7208
229
3317
2746
11315
30133
19956
30916
19084
22093
9273
2501
29256
7759
2637
10798
1294
28313
23198
16596
2049
19044
3003
30147
6725
14739
30156
21666
24393
15312
5032
14980
13276
30119
30711
13999
5514
4720
10759
4476
10363
31620
19480
3093
16535
16078
20449
8051
16222
19568
5236
2223
30857
5320
4974
19504
9235
1499
16869
2335
11524
28841
31800
31198
26851
31915
14968
22062
29795
331
26060
30470
5738
25284
30155
7168
9044
27036
32619
1442
26316
31040
5563
16295
6997
3132
18254
29134
27428
29170
8660
23954
24231
29554
30704
21139
31123
17044
11291
23377
6176
26683
32227
12103
25211
19509
17808
5942
25962
27324
11443
25610
2915
22884
18692
24653
21046
24250
2373
16354
11783
5519
8889
309
4804
24198
8275
30436
6679
16411
23365
18503
11370
18154
32614
8969
30737
32195
19533
6053
23164
11913
1759
11786
11222
19104
1396
10135
7707
6971
27519
7910
5468
12150
2092
17869
1905
26596
24081
25972
3603
31924
8386
31727
26332
27976
28545
24225
8560
28088
17205
10257
13437
8273
26642
27568
7970
14017
29279
12667
7342
30804
26645
5933
17776
8227
22498
9293
16362
4053
18605
25061
25155
28976
21337
7810
21660
4664
21274
29320
26972
3428
26469
6336
31063
10490
1300
603
7726
17982
2801
13715
9720
15066
14498
387
4070
1118
1353
24944
18990
28546
9749
3449
17951
2645
7037
11813
18427
2598
22125
29698
7355
13236
30086
29711
6281
19870
15587
7509
28006
13016
16835
25534
2556
15485
19945
22473
17743
28644
15658
21088
9379
10143
2631
8112
1396
19331
26330
11158
26135
7599
5293
7610
27696
10202
17770
4890
8389
28205
2147
13950
9827
14905
17539
24766
28252
4716
26484
9626
9932
18436
20809
16720
17329
28416
5870
16107
8714
4441
31751
26309
21629
60
32672
4191
11715
19432
1454
21076
5523
9231
2546
16097
8579
12436
24467
25306
19447
21491
19251
6375
30640
15931
17412
29215
14183
16710
23302
30987
3391
29767
11800
27510
1732
26276
26441
13131
15995
26483
5976
26162
25837
16574
15630
26459
32653
13128
422
28283
3205
285
7452
12953
12063
27356
29683
18171
28949
11632
21112
23568
429
19263
12359
3552
11312
15822
8572
13600
1023
4656
2428
20414
31975
27755
17910
2361
21331
31611
24416
13006
18493
2384
22222
5937
18859
1961
26508
1273
10485
17543
1469
11962
31938
20040
2446
5965
15699
331
20871
11366
3638
16022
13526
28995
326
25757
24899
11988
27470
20672
14076
1635
9076
29169
24363
32615
15098
19060
14524
14523
25537
10298
18810
18727
22636
22819
10315
4797
10667
12793
20428
22574
22762
25727
30574
17125
8481
23249
29584
15417
15168
7087
13284
975
19513
7430
16897
18636
32607
24518
8331
15121
6234
14714
7719
3448
1194
19948
5599
14720
9539
27816
12647
175
11620
19397
4151
10051
3209
29465
14614
14273
26066
6285
29270
17994
6138
12237
1951
9831
19841
1397
8894
21908
30051
26401
12198
105
24887
6072
19020
32734
5712
8372
28614
30696
9230
30436
6828
24602
2593
25277
5453
12985
26168
10727
8963
17999
16670
6501
11388
29014
26614
17738
22897
1866
18153
7310
29930
506
14119
19764
8154
16816
8919
26275
12372
14914
17937
11675
10870
8929
11456
11994
649
20984
22991
19252
20140
22077
17582
14696
14553
6515
3814
20383
24766
26947
31735
20548
28565
9737
21126
29513
26287
3842
24136
30414
11276
12074
20218
10121
1797
19817
10516
2818
8608
30346
27065
9079
14794
16120
24554
9874
30810
13801
4518
30210
25176
13117
19521
12942
2967
11506
15352
24505
6263
6325
5922
16378
14115
2487
3669
22222
1848
14979
19261
22494
27012
1608
21636
14297
26657
31878
11764
5464
20908
13793
95
17873
16686
24639
32191
31770
7885
7219
4700
15295
11264
15645
17547
7670
26789
18758
26957
21166
3316
13977
3185
16846
30440
21625
6086
15950
16496
6833
25956
24207
15905
12567
32170
17113
25863
29502
19021
23710
2213
30472
1125
9905
2266
13475
5116
12355
25107
23070
31823
25133
8396
5199
18585
32643
31709
10871
14781
4148
20483
12710
13815
9738
24913
22657
12337
16894
9767
23482
25930
2422
29114
5903
27203
30875
6902
24161
5846
20653
14087
22027
23722
9905
11677
24872
5111
12457
20337
28746
13039
15603
11865
664
17951
8504
16572
1773
21581
25553
22763
31325
8510
27711
11129
9442
32574
9448
1613
11464
4106
10736
29902
25859
31275
26274
23597
14880
12475
23677
7506
30026
30667
15515
199
13401
20655
32199
7018
29085
28073
12088
31085
17823
13680
29057
12217
12477
15189
15608
31347
12857
25010
28243
18959
15810
8387
30728
3791
16465
9393
4214
13676
22717
8780
17032
7696
12293
25204
26690
24966
30960
6369
19463
30495
3681
9105
30535
16481
27420
19680
4808
9798
19884
6842
11854
20069
18028
6687
19248
31997
11662
28370
7900
31625
4732
15248
12285
21005
7574
14300
12978
19461
6394
32030
23975
8304
25746
15698
23491
9993
32089
12849
31627
19330
30537
9332
20258
27140
21804
28496
5446
28417
2312
23795
32111
30453
7052
9601
9929
16714
141
14988
6973
5185
31267
24000
32177
11878
7117
18956
11243
5269
592
29488
12882
29288
11535
4164
8578
23894
4311
19047
6902
6541
31721
344
17415
536
14020
9329
15330
27810
29836
7945
12999
19354
8659
19442
22161
28741
28660
19548
29210
8409
7928
31488
23204
15705
32623
1336
6188
26778
29061
30741
6930
6490
17914
18524
19246
6679
22889
2234
18955
21735
2556
8787
25489
21273
17153
30803
24099
5931
18908
26562
9397
27189
15117
4509
8996
23675
15854
19883
7821
5000
24893
2382
22825
3792
21052
11791
27331
20088
13266
30815
25709
15994
17062
26505
6108
29450
12001
9360
12372
8624
9183
26180
13506
21821
22952
30073
2093
8535
17349
1253
3934
5357
31877
5345
18481
22945
27535
5077
22688
20671
23043
22702
26942
5362
11865
30085
132
4772
25980
13577
2501
26502
3718
24077
15502
27727
4578
5409
13939
12917
25726
25785
19271
23115
29458
6436
21789
29802
4429
13830
10030
9232
3154
22490
13404
28340
10119
21629
31649
4001
18005
25197
25191
17692
21796
30475
20044
24376
10099
26841
3495
24324
30875
13099
28542
12160
2140
32138
20867
28752
27625
16783
25616
27851
8193
5792
29165
12445
12262
19365
6960
13795
24837
2909
10269
26425
17018
20626
25269
8919
17235
27711
17168
4724
2608
20487
11366
1628
13380
13384
32316
4263
24984
2451
22205
24625
2022
29157
4356
20888
27917
16077
19363
22291
26076
9736
6492
13985
1362
1786
26535
12469
19547
14313
9264
26645
8577
25223
15407
24134
25522
31731
13825
1672
19173
23814
24354
21503
32003
27736
22075
15943
17693
11265
6799
577
13956
20945
16330
25519
13603
22846
28357
26285
24545
15109
31075
24254
12715
9971
31094
19421
22840
16673
14348
19578
18264
31830
29762
28180
18221
14353
3671
23706
6995
18731
7492
23425
5788
2282
2784
4605
30383
28323
31770
1671
27229
5371
2177
11367
9532
23613
5610
8343
11693
8200
4796
8721
12823
12035
17109
29707
9639
24621
24805
12152
11444
16816
30576
5009
31835
29173
2694
9212
16550
15437
29876
21914
24581
3851
14197
12744
2773
20903
28897
12895
28881
1567
11821
10118
13952
31038
27624
15071
22465
4727
17118
6743
3239
5140
450
32627
307
20903
18872
9882
16447
2791
11592
23661
5489
13804
20201
3584
25035
5214
3589
17208
27114
29628
30432
6497
1232
29075
25472
13960
17792
2303
2372
17633
16793
3989
4226
20498
29288
7266
18722
23775
24031
7232
6351
18004
14389
4977
23775
21037
1737
15641
11240
2267
30825
23995
10327
11282
9917
13951
28469
10654
18484
5053
7104
7828
408
29133
23094
27101
444
10204
6597
27533
25018
28907
5931
24849
26503
2082
14164
21779
16491
24000
31405
21591
5252
12051
14261
1943
29720
1044
17622
29943
4896
16947
18248
606
3830
9305
32326
23661
5634
31928
6030
9410
14442
11748
25535
15478
27868
17635
7901
9909
27616
3846
29350
22962
28631
27260
24159
25363
10100
27031
18695
1866
15378
11534
12475
31298
13546
6762
11156
31262
15305
18480
17407
29588
22423
8740
9241
27140
5259
25741
329
9210
18831
7689
19182
6027
13833
27667
17563
16505
4791
7975
28130
27848
25613
24512
26495
8949
25646
20083
26399
4021
13816
28070
16590
26551
17046
27727
5768
23689
9829
9623
23615
10829
27053
23029
4114
24243
28008
19185
19506
18469
29638
31568
12696
32453
32737
25124
6183
12157
28574
24514
29350
15355
11882
14420
27260
24855
12038
16459
24770
26563
32351
17322
16356
27451
14566
420
23209
31190
30600
23250
31501
17533
26917
2235
15628
13138
16590
25121
24333
3286
26845
20515
21317
26468
1685
11489
4868
23420
18801
19684
32388
24575
17711
29003
29043
24594
11514
20794
9723
29972
12775
19890
1496
15761
1681
15295
8827
3293
7459
32065
15095
9610
7408
24956
30740
23463
18469
31491
23659
23080
6639
16744
20528
22966
18662
29050
11746
23941
4442
12233
18075
1446
13960
30060
31391
13502
2464
18442
15379
10708
30942
10845
8115
17754
12509
4979
204
31586
13727
3880
13164
29560
2242
29516
18797
2355
30104
20812
3199
18248
29644
31983
268
4471
15510
9569
2930
73
11878
5695
10908
29765
28240
17202
10425
7383
24144
16646
9311
6589
31484
17413
27153
31875
758
9161
16327
16941
28151
16783
403
25522
12555
32377
16475
22221
6407
13324
30975
18178
9237
22933
29712
29051
14007
11782
27594
25861
20539
24117
14240
29184
32339
13382
29273
21692
16134
25981
22864
5995
17398
4202
258
20316
8548
28157
27847
13285
24371
7340
7483
7142
8598
17784
16963
12704
13023
10058
27538
8957
8048
21912
21470
16193
20588
11302
14546
20878
8568
8714
6979
6754
20837
17150
16614
4293
25943
9856
25178
3727
8575
16607
5623
14779
6705
25385
16762
24411
5064
11062
10822
2951
28485
1544
7561
29688
15723
15120
7997
18946
16763
16309
6299
15062
12439
20228
7222
19432
21051
29201
1932
23508
20981
19016
3977
24240
4649
1885
7954
28534
9021
32619
23620
1727
10806
24630
10954
4517
32105
25920
5930
16986
3469
26380
16572
18042
21757
29804
5474
5610
32469
30577
995
18323
17126
11301
12136
18433
4956
26588
10269
28789
11389
23698
15029
21428
24192
9299
2601
8302
1306
30051
23710
14257
4116
26750
19984
2191
17351
14081
30961
26797
28676
18344
5778
31779
18317
17655
7884
19861
16866
20775
2051
31292
1235
14335
30249
19464
15044
16299
26925
18112
30308
28215
20654
2975
21509
16895
21669
2436
27782
30724
8232
13946
25942
2990
3355
2544
29865
8225
13647
7580
4275
31759
10018
15792
13372
11595
18750
18320
10921
19016
23291
241
12555
7209
29728
4054
27007
17578
28879
28311
8650
12243
21409
7576
17838
20996
23018
28442
294
22404
17293
6192
5695
861
10604
13394
15875
2042
11064
8178
4984
9359
16115
30935
839
18167
527
12738
2669
23131
5577
31095
12737
18303
19955
15349
11235
31837
19199
16160
18098
5412
32195
19192
274
31083
3338
28641
2404
27926
8868
21575
12475
13538
18260
32119
31334
851
10882
17963
24356
27477
31825
10208
7900
4725
24141
8895
4960
19764
24706
27246
25189
13507
1649
3268
11380
7629
26874
2558
27177
9432
14332
19644
4325
17729
8156
6808
21363
9337
27926
29906
25352
25568
12621
29497
30824
26650
11033
27143
9409
5492
17259
9742
30048
1415
6389
14638
21771
13030
19378
13252
18767
1083
2114
15919
12777
231
13412
20583
3021
19932
5017
17427
26919
23016
17512
12350
21302
23916
5273
25698
8826
529
23582
29498
1387
11156
21554
3134
28020
29585
14777
25969
28061
30371
30624
11729
15838
4589
6022
27416
4553
9405
19624
17542
16601
21148
5810
3733
25138
7842
14217
29317
30062
2478
2320
18186
32146
8623
9517
7682
4845
10430
19536
11777
25680
10115
1038
5318
26526
24294
2357
31369
5464
8654
26197
23707
31330
10259
18752
14452
12043
26825
4032
30443
22937
31290
30047
20998
20175
23261
20907
32309
8683
24334
28683
8907
2480
19438
14311
9157
26475
26758
7526
27099
30878
719
10435
13376
19350
3813
19407
4672
29388
9066
15053
26992
10917
9875
3963
26577
12446
1032
8914
28638
27327
15482
17269
28455
12725
3142
15510
9912
6021
18235
681
14103
24732
23605
20676
16507
5231
15312
2913
6701
3718
6693
23192
2801
20627
13343
8127
1731
422
26004
12236
17644
1595
30191
5549
1039
28841
3539
3373
2137
12497
18637
26828
19147
26054
19139
10878
28429
948
10584
16603
26588
9185
22097
6151
14575
19543
2164
32531
32648
18514
25867
18530
23002
19013
25838
1290
26549
965
7270
18695
30166
10107
11783
1918
28590
25769
17710
19464
29202
23449
32100
24490
19456
19916
6306
17811
24878
25719
22259
28048
15562
21371
9908
32672
12623
24195
15660
15798
9518
22991
29687
9833
8819
10126
2122
17637
27198
28299
3514
28684
11170
22111
3810
9314
4086
30993
29376
8692
5463
29103
20076
2331
10946
31482
20281
22133
12216
28920
25141
22611
23565
15297
10828
1315
11041
12701
14136
31818
12380
23048
17372
28770
14701
10991
2912
17240
21867
23806
240
15034
16014
19343
26296
25602
16098
87
25924
1615
30449
2719
23815
22679
28675
5473
14478
8492
6696
22362
1614
25779
16627
29620
5595
24760
8288
12672
15540
14155
5631
5117
17321
28396
28962
21783
20064
15274
8053
3931
21279
27581
25056
1040
29110
19439
22655
24037
9456
25927
2752
6208
27270
6018
7059
20155
4718
18731
6208
10292
28313
12285
17114
21558
6468
4529
24610
10590
30775
20253
27449
24251
2133
4374
8212
6687
21771
2077
4178
8342
19534
23968
27827
24104
24567
14102
22547
13696
6747
235
30543
6072
29774
8409
1111
18487
22409
11490
28924
26668
18687
21943
8454
28849
15185
22793
29031
8827
547
2519
9542
9575
19406
19052
26626
6643
26483
13678
24113
14910
29211
10454
15850
22500
20022
28553
6559
1929
1377
25526
28453
8865
25861
5569
10089
29601
19200
18766
417
24656
12302
29546
26567
14752
2685
21131
24700
35
9259
15045
15666
26536
29558
17952
16935
13408
28535
17062
22599
12117
13414
30046
24499
26572
7620
6930
29764
17078
16496
30012
25613
30948
26483
11098
14978
6262
25328
22052
6503
25982
6475
11317
9089
4489
24359
31982
31605
12603
9121
28741
19447
6915
31376
24483
29951
29009
32640
3500
21619
1665
28780
2158
12074
2106
14382
6912
510
29613
27880
24906
30996
15281
1947
21075
30285
17762
20085
27381
28226
28560
5187
3241
30210
15582
3025
8584
8773
28681
32495
10337
21350
30107
15653
29018
14394
21935
3821
3368
13378
7227
26346
16026
27793
11751
27425
8150
2355
23308
17629
8733
14227
12841
28305
6356
11531
5805
29611
7657
20288
30879
18128
20338
17093
13639
30664
11264
28398
10397
10965
11446
2166
19171
16360
10712
27446
23922
6337
6189
30157
9561
25000
17181
14506
536
10506
20785
7332
21081
28386
7710
11220
4147
9616
18218
25102
23053
25124
11387
22784
15609
13086
9028
18045
2266
16601
8852
6739
15976
31704
22057
4964
17074
12692
14369
25250
29531
26889
7218
25836
31368
25871
29844
9122
22774
6887
2692
9783
2142
20555
27052
11733
22516
27830
22464
13980
14434
22110
24262
4294
5186
29666
12953
3714
3511
8299
3942
8721
2430
2165
6377
23092
21316
578
16248
29105
24273
1404
16840
8522
13618
27179
2005
4636
31898
4064
19727
12565
15728
31330
23922
15012
3706
21016
2789
8347
11743
2731
30167
27304
15415
15187
19892
25751
21138
28836
19276
21513
1022
28800
22827
2569
1705
3385
9014
29551
16500
15824
8364
19911
17989
15799
6467
23762
1330
30477
10166
26535
18459
28450
20919
25298
7176
21873
30418
32674
14617
12828
5516
24406
3496
341
14194
25484
21674
19970
15029
1013
16421
5715
10565
13267
13333
29111
23341
14506
21965
4181
17299
24008
20339
16526
32052
12119
5854
12290
29964
23024
19135
6625
28495
29316
20626
1316
5261
17637
18820
6621
14968
22009
13324
28008
13663
2359
9121
29160
11538
20373
24466
30235
12672
28899
30115
22333
8468
24309
23730
12091
23629
5322
10058
26153
16357
19045
32178
7814
28729
16567
8847
30842
9861
6041
9444
8421
27127
623
5594
3477
27737
18098
8269
10444
9118
14918
15301
688
12103
30216
25641
26614
8774
9160
17152
31168
26488
13643
3793
4896
10405
27872
4297
28047
25958
28248
16484
3602
16669
4630
14466
4466
31894
27248
28906
28333
4556
22084
8933
15157
32150
6697
3893
25941
27919
19568
32580
13740
16812
26284
21288
14660
12553
2580
14710
31343
10951
29381
19934
10060
10390
14469
20171
28989
6694
21043
25117
4485
16453
23512
31913
29582
57
24004
28590
3674
454
17879
25406
29387
18493
27328
7178
1424
26701
19323
22213
16304
531
19483
17120
10663
16511
29558
14835
4446
19659
9201
14588
15409
26182
29764
23535
2702
9335
11207
11264
11150
21291
30785
29807
7027
21921
14882
2425
14478
4006
15959
30828
16071
30999
27614
30674
29320
14825
19873
8685
12418
31320
30672
2975
30800
29861
4783
9580
23731
19275
21302
955
3230
12360
23746
12126
25874
1962
28015
30412
11351
24886
20893
25671
15275
27300
27005
31899
30028
21883
3674
15862
28992
6469
23501
32195
19421
31864
19398
16460
30163
25603
13012
29759
19964
4876
31961
8236
10706
16928
4329
1872
16942
18094
32157
5883
15985
26924
32241
3388
20708
530
2357
15679
955
852
30548
7531
30412
13747
19809
26323
25264
9949
1210
32087
15999
3816
4631
6973
25137
20840
6161
21216
28707
12268
2971
25747
13555
18785
8032
9839
1396
7008
3493
20358
28471
26672
20199
24439
20658
9669
30232
5887
8863
28583
18942
1497
25858
24439
17849
5588
16042
11550
29003
12945
28341
2460
32111
14628
13416
19671
15544
14925
18932
18573
30365
19899
31689
24594
10166
15443
18013
26173
3313
8993
14626
14436
22097
24646
9734
5911
4173
7860
24909
23225
14722
11591
1647
21461
5423
31079
23304
27812
6482
1258
469
31446
23084
668
15339
7769
2889
27783
30585
2920
6387
25221
24463
13286
31645
28523
2382
28044
14669
30397
14182
28714
4031
1116
32131
22721
31935
867
20910
17410
18579
245
21143
3121
22818
4950
13854
17452
27412
17764
29745
10990
22732
527
22189
2162
21929
27395
8066
11938
30404
18836
29462
13947
2255
24636
9593
818
3457
20223
28019
6888
18827
31831
22899
32226
3756
2086
11917
21280
25638
13725
6858
632
23156
29911
22610
10846
13749
17489
2002
18631
11500
1592
9467
27758
17123
7432
2238
21834
14313
11951
29010
4273
17042
19673
245
22316
8181
29946
4269
16336
8890
25063
5445
15945
13000
1234
10500
22193
11802
10950
5519
31664
19915
22441
30150
10530
6444
14133
14415
32538
2851
12299
28615
26298
23788
9405
30363
9186
27592
16911
30936
9347
26079
24989
30464
24549
21803
871
18843
11719
15854
12444
5584
9977
22743
15754
32742
24236
30592
22569
14678
5440
23730
7287
19564
27395
16489
1887
16511
4876
23088
5265
24055
5064
8986
7005
31320
17579
2854
6681
18655
28135
7331
3965
13584
14529
31381
17594
18721
31935
19959
737
4808
26500
4111
6587
23967
714
12033
24024
29414
13705
19476
22332
23317
2840
18941
16806
24134
19578
3083
15135
13610
19954
9634
3355
1233
15440
19513
24568
23602
13123
9355
24714
31495
30593
32330
27302
11805
21809
16505
11167
1523
23729
10970
25340
6410
1399
10194
28542
25596
8269
13456
12812
11780
30707
25583
32723
8502
2225
13124
24710
626
21757
20152
11562
9603
3901
32170
20403
24227
5595
15871
25379
19253
6380
6151
18316
22546
11792
27442
25870
27789
6364
24179
21607
5576
9165
15822
29523
30377
3924
24871
3777
7535
23081
16159
17460
12374
30666
2380
1953
10129
28556
7629
23152
855
22619
15584
13335
6520
13018
18346
25666
13959
17725
22554
21071
25408
20943
16470
27950
10105
19122
29408
25287
8338
800
31522
19763
12778
20460
2244
28695
31364
3789
7879
24527
5043
9589
14855
32726
26921
14134
14682
11626
15252
4487
31790
10013
4936
9565
2846
20872
4471
19686
12446
23832
10939
6896
11910
2149
26258
688
14267
17989
17405
19587
1050
28259
23546
1444
14108
21173
18273
26251
26772
7129
11802
3434
26946
10750
14956
24459
23508
26540
29595
28244
27997
32561
16355
23045
24337
15194
32305
24083
11668
1922
19708
30873
28895
716
11220
30696
4705
28142
12863
9966
11645
25220
5855
21206
22895
16026
13960
31169
14821
32435
13218
7236
1673
25649
8891
26818
16431
15768
2518
18848
1286
29162
15522
17563
25533
4034
22649
4987
12370
5289
20334
27579
13229
26792
4770
3224
6643
9648
106
24663
16916
12836
17323
18305
921
31091
20047
550
9868
9528
2392
7439
9150
9479
14800
20052
21119
4797
29272
18022
27469
5280
13761
10296
15820
18019
12224
7418
8916
28083
7534
19765
4642
20108
10204
29440
21943
22325
4001
13926
7094
4996
6401
5861
8707
25188
11465
19060
26048
18575
6839
13357
9007
28346
22226
25141
2360
24917
27602
25701
20093
885
12581
17016
21607
22056
7167
25210
14171
14644
16205
19860
4545
8604
16165
29460
21071
28215
8399
20267
21634
517
31050
13415
27887
8113
2216
25772
20896
10566
20816
10240
12642
25271
12013
9485
27515
9600
22816
26893
11241
5963
6951
19002
14049
27924
22979
8608
26869
4094
17862
16074
24533
6281
20961
29024
25161
2220
12107
4704
29862
29885
13613
6221
4509
26327
11157
30544
15820
14342
31541
22493
8021
24085
16347
3069
26892
17555
11306
7476
17342
13083
4562
21093
28273
703
14845
9918
4435
30691
1652
22653
13696
32168
5239
30669
32397
15211
20222
13237
8517
3257
1718
3252
9667
18320
17041
4664
18846
29811
3220
25038
20873
10109
759
17520
18521
2343
28274
23
3107
20797
2847
16699
8339
32246
4602
24993
2170
27869
26041
18267
26345
10948
3645
8351
23331
21428
27268
24228
28914
13155
12741
856
6636
567
187
7011
29307
6846
18700
6041
6253
22256
1331
9848
3866
27709
5088
12324
6192
6419
4777
11446
1659
17947
30763
13974
25302
24861
2734
30706
16904
12036
8370
25672
25811
7715
24002
5206
10834
16795
22058
5288
32549
4644
12574
1120
19136
22611
334
912
26275
16389
8350
9772
27152
1057
25672
27154
1867
26022
31579
3182
24097
14475
14875
3140
547
15494
31093
11682
383
14226
2657
27262
31774
23437
2426
27651
20805
26611
8197
26781
5263
13417
29690
6323
22977
24642
12636
23987
31133
18183
13270
13464
14433
4450
26666
7869
12629
17834
412
20867
6513
6866
6168
14026
19880
1042
12453
5634
14364
29533
4614
7969
25108
11335
7252
1651
1852
12440
8919
27103
12604
21371
1022
21968
18800
22468
27675
29076
10521
10625
21499
8374
32511
17029
25900
16463
25650
7528
31336
5408
12295
16882
29481
174
1627
29091
1550
10598
14698
19079
9835
27490
27518
23129
28139
9455
25366
4964
19410
17337
16119
24645
32765
23834
9744
13169
8336
5514
12777
25267
5527
10479
10430
26329
5833
1845
10033
13078
19452
11769
6161
18270
14769
12813
19279
25788
8083
18659
9186
25091
24449
5060
12012
2841
26698
29775
1327
13464
30696
19271
6747
16681
21930
12393
5259
15773
25945
29603
28843
29809
10501
3496
5998
26874
28613
3926
6342
3612
3165
7512
2753
17434
32583
5792
782
13476
1134
10840
20787
984
27954
23375
530
173
7269
15504
19433
1737
23050
5255
19655
8031
2494
2465
990
7778
5866
1274
8393
31982
9932
5458
10916
2421
20688
20002
6950
12729
17008
25656
22755
10889
19548
8956
32312
3187
25458
17170
4392
9358
8299
11432
15110
13310
15885
17765
11634
10343
32291
5017
13486
31565
14877
15823
32287
24016
13556
16305
21591
8686
2172
4756
139
29216
16619
478
9270
23454
26118
28901
13320
30562
20996
31149
18449
6536
19147
360
13212
24137
23262
10588
18903
12176
25573
24678
23306
30080
21847
19164
20665
4166
22142
15443
23970
30926
2967
6236
31057
31202
27262
7403
21854
23197
21502
23228
9560
3820
23390
30122
28868
4691
20104
12433
14680
29931
11696
17898
1567
23050
21003
8197
24314
13254
1987
10557
29294
26142
22509
9809
594
12321
11263
23180
19120
16666
21693
5912
24752
15217
21344
19556
1520
5754
3126
15945
8081
21528
18083
6403
26263
22215
3886
22263
514
20510
13462
11421
2459
16280
12785
2480
29465
19725
25622
11357
8665
29145
27007
17598
15351
24408
58
15515
1629
24829
7742
24829
23506
7146
23838
26839
22996
1415
8842
9615
6283
13895
13285
4063
12768
23903
7096
23838
32331
3529
29787
22201
17571
25757
19459
20238
9392
9335
27332
17608
17189
20749
19424
3884
12281
6649
6231
19363
9973
31526
24885
13908
9417
25885
15583
7471
22945
32466
17166
13979
17643
9861
12301
21097
15469
16013
14371
7523
19365
3804
18666
1398
14044
4960
7900
13816
18
29496
12796
8544
4735
5182
3383
7965
13316
18952
10385
18973
2701
32556
22291
1560
26102
27426
17842
24380
5577
28370
26994
22965
23688
3438
3911
15326
4403
9947
2329
26571
12793
7326
12248
30302
4599
25011
8988
30635
26173
8597
21388
570
17721
10786
32219
5148
11790
6099
18621
13997
25626
27451
14566
22332
21903
10888
8901
23696
25232
302
10817
10997
11513
29630
15722
1513
8072
13667
18339
4180
5579
30745
8063
4535
31946
12422
27153
8293
26381
14774
23334
24191
25910
3291
23148
6410
32536
23714
10817
19979
26554
21363
13668
26697
31081
30573
9611
23779
11676
20156
21845
18579
7931
19026
5338
12297
12942
15589
4241
8327
18353
14204
30478
7008
17672
3237
14994
30898
842
30441
41
17247
30062
28371
30359
31169
82
8288
27662
7277
14978
10082
2602
1462
18352
17924
9327
10885
12699
10280
32270
7820
821
31236
22624
903
298
8210
31775
27875
9644
14816
17433
14030
1031
18721
30866
22815
27399
22984
1886
23677
1036
24523
21795
18806
18182
10909
2320
12034
27252
20020
19632
14224
30960
13567
1647
12626
27785
13759
5563
28683
6867
1028
3200
1133
23318
8569
19027
28293
8912
6650
14876
11910
23340
19426
17393
26781
27885
18894
18734
13945
28328
650
14770
14954
1020
20362
32150
5615
21257
21004
3972
1780
32758
8808
14396
9408
23821
17639
25787
32545
28797
6920
3271
16400
6042
8100
4239
24990
27086
10294
22653
4004
3182
9443
23299
26177
27342
27860
30938
27630
15643
3006
24762
26469
29334
16728
24637
1888
29394
29440
12337
15299
15379
13155
26448
7523
11117
15299
20199
21311
13863
15861
22929
2464
2631
21977
29930
18743
28380
5308
23431
18928
21351
10394
27993
16070
18455
31991
26915
3477
5996
25221
10817
28543
27743
20095
19144
5147
22209
6725
14957
4910
6701
22360
32638
16009
673
19326
28576
16128
31801
31853
15059
21818
25189
23051
9146
6329
25957
4576
13534
9465
920
26115
11067
20052
26275
1389
10994
13776
31572
23328
9157
25770
21867
5489
3962
32288
24436
17921
27892
3975
31032
28424
1917
5214
32256
6595
14894
26046
13973
11717
29775
536
31085
12403
19410
25538
11820
22397
26604
31412
4136
28899
32347
20255
26212
3769
632
22629
30179
9292
32231
11659
13834
22072
22377
25043
17719
9808
3240
8663
18047
24591
6378
31504
12290
14809
27329
8560
9205
737
26576
1076
13599
27982
3598
5320
29232
4020
18127
18490
16859
6310
30802
5443
31838
25306
20296
32416
17849
8138
6742
6943
30307
10881
26190
562
24324
17379
21093
3532
26185
32073
20555
32656
26272
28147
13507
18762
19489
31624
8663
32260
16819
32078
27777
19195
16131
21914
11314
17651
32651
17514
9025
22638
21898
12755
9201
16540
27227
32399
32351
4774
20578
3206
24646
10379
20786
10460
24591
2139
7514
19625
12678
19017
29132
18724
15060
31155
27012
26516
27976
31425
2211
19757
26096
8190
6368
3671
28340
20706
11724
19650
314
27608
6665
32550
27009
27642
17698
6432
5845
19548
11386
13679
3606
10320
26677
9279
18785
12740
20431
21236
7506
17516
20616
27252
32008
7684
12952
15507
10895
6569
26772
10480
2557
13791
5940
1306
27192
10865
18973
19344
9952
25855
17715
24761
2973
26817
4166
7316
22929
18297
15821
31636
15458
14174
1015
24739
23784
11089
2511
11754
5156
18501
18702
10678
2524
7295
6056
10319
18107
6873
21203
19278
29324
3554
16369
21135
7095
31816
1598
31378
32195
20915
9990
14241
18804
3243
4220
17603
29004
13303
21028
31026
29289
27486
6219
9855
31176
10592
26265
25941
8981
19736
4249
11887
24161
9517
10611
26818
20251
24112
4844
13768
12012
18571
30273
14387
27656
29616
18456
22814
23280
15845
866
11099
26693
11663
1466
31774
16415
12976
27210
25594
23721
19628
26370
17053
24242
573
2672
31623
30533
7945
18247
2426
562
17391
32038
4596
15822
1207
9438
2532
19751
3973
28948
14347
26159
12289
4803
29048
13884
27077
25517
20460
9173
25421
32648
22965
9535
27701
20279
7712
26642
3904
14353
10571
32400
23105
985
26047
13366
21390
11413
2504
2950
30304
563
2625
15310
1296
7787
15383
20004
2488
19969
20824
13707
31629
32038
13927
28372
12460
20301
32623
22875
2504
22903
5595
4732
7929
30875
10557
10784
8752
29779
3743
1915
11712
2232
13555
18842
19178
4334
9428
22556
9735
24181
9611
13562
9081
20474
6361
28908
23105
29963
27301
26781
24242
31407
4452
10615
16710
16241
3974
2416
13154
17445
11781
7665
25926
14662
17327
21115
26159
10086
19571
26706
6457
9158
22418
9512
12083
10467
27456
26445
1863
1350
26582
14998
24020
24989
13403
25020
19116
8634
4547
5300
15698
23207
23030
29938
26518
17095
11067
28012
23696
24421
4165
23670
4983
17887
6361
659
31643
3364
3722
16810
24663
1764
31904
15587
356
1644
8722
25053
32164
24020
6092
20675
31798
20650
32117
31043
24816
1547
23091
5911
20337
667
3778
350
18738
25979
14796
31952
20713
2563
18165
28993
12032
19076
3273
1955
14488
28467
23893
20059
21566
22206
16585
3678
25840
7377
14631
31750
17874
28007
27051
25460
5765
21101
19507
22689
16832
7109
17015
20530
25936
2152
18612
22144
5207
4637
23259
24339
21066
11156
15631
24399
7870
25524
19410
5067
30635
14128
16371
28761
22933
25689
28114
20337
31346
21409
30539
32321
17917
6641
11044
16225
32666
16510
25741
20127
24482
22682
10444
21813
1942
28764
226
5638
16958
16338
8333
26235
12923
23793
21413
18679
21779
28452
26249
12937
3953
14836
19911
11841
28393
26855
13567
11516
14797
19793
21627
24899
1271
14719
30870
2920
9847
21281
1487
4769
5966
6576
30671
13481
9214
29677
24975
30167
11588
25203
20493
20584
12266
29630
8465
27206
21580
18652
25266
21822
25542
24691
10315
3615
13269
30853
27870
5132
23659
9702
6865
2486
26771
17159
9283
24309
7675
3667
16163
463
31192
15094
21393
2699
5912
21906
31454
16192
23378
12532
4360
10137
1504
5526
21054
14991
3531
10557
18830
29730
8468
29365
30078
23024
4459
78
31482
8715
2051
3649
1689
20525
31717
5382
6112
12769
7081
26077
25040
11005
9516
28383
12169
16472
908
26158
21417
16193
32022
30380
5242
17647
16594
5960
18092
16815
15492
30808
23580
24637
21009
26986
5002
31329
17528
17470
12796
30822
2649
18568
15891
8660
7603
26241
6431
574
24051
15636
2454
5580
11073
2802
22010
30099
1895
158
28423
13478
17029
17405
23422
2857
1835
3253
8085
19860
31549
2855
13759
716
8346
19094
24062
13375
10755
29063
3251
20519
5791
10786
6494
9811
6082
5857
31121
11443
2713
1700
21435
20862
10411
7599
2373
11600
32764
24535
32508
26702
17696
29384
26234
6672
10028
3524
6840
21629
30496
24336
17869
26281
12811
13782
32083
13609
20127
31140
20105
18962
5325
26576
21259
30581
16230
12572
23171
5057
13694
26877
32069
30737
19177
16983
1944
32035
11458
21545
7373
15410
26770
4938
13623
21937
23120
21742
12633
28779
16138
2142
10386
2100
12204
25797
22778
31739
24831
2776
12767
6066
13202
4195
23002
5886
24541
5834
19768
21126
24737
27609
16602
29189
9991
18188
22935
6692
8642
31757
32645
7588
12806
30147
8293
15870
20160
31726
5093
89
20531
10223
2091
2081
11170
1016
25767
18801
18529
6785
27860
14828
3393
14978
7206
28484
20211
26500
14357
22401
25995
21337
27843
26472
24830
22982
29795
16472
6675
17698
18723
26440
14036
9615
13578
13172
10052
15102
15036
7076
8340
23777
19931
32212
13032
26890
8514
25985
16176
5577
29944
12672
20562
2586
17777
19199
11377
22826
2356
25541
22737
27969
18858
27288
17514
4260
22416
4380
23252
6571
8941
24395
25332
18937
23126
25907
16975
12085
25773
9264
1949
18050
3143
17841
31956
19032
18945
9719
29317
27946
2662
7696
31721
20952
1706
20686
27858
21880
24286
2864
6172
13511
2674
2363
3841
16921
28547
9484
30531
16192
369
7757
30652
390
10856
17691
14475
19585
31640
25547
1461
19227
11026
18397
18605
15550
17964
17092
18146
20308
13001
26641
24811
13643
8583
12034
28625
20861
28282
29201
21312
20866
7617
4087
19803
16759
9409
11744
26184
2821
2224
19336
17249
27651
1654
32342
9069
16308
30648
16709
2817
30753
31855
21514
6591
23556
6154
9355
702
2021
27850
12874
14356
20495
4001
17426
808
29545
4695
9434
217
5621
22964
28002
19071
13381
8344
9413
31259
12292
10483
15029
12750
14340
3812
2795
23642
9522
31261
14784
32250
28726
1305
20138
8832
8787
8571
31206
16216
5760
1137
28474
15776
1702
15782
12380
21038
15157
1768
1586
20206
16934
6712
16555
12990
21763
28616
8624
27244
3110
11464
6181
30523
10273
18372
9399
1238
6325
30407
27329
25159
31625
24368
3118
20287
4944
14010
32741
8284
12992
4314
5895
25340
17755
29507
23953
25274
673
32747
28699
16429
28389
2708
16507
10833
6071
19329
6184
16791
30776
4268
28565
13590
9381
21053
28277
18479
17068
26358
6523
8290
28425
16523
22190
221
32589
6089
2633
29379
4479
17392
6746
18173
4552
8238
10338
24520
18709
24061
17540
17946
9754
29333
18071
14411
17632
29017
22032
7520
16280
7384
31299
6571
3598
17249
20789
26441
10166
7195
17350
3725
16128
19683
15007
10248
17175
2312
30707
29582
24571
21630
20162
17701
29553
26336
30947
4722
24535
27914
18898
18655
19634
32748
27829
1613
16187
4777
16615
21438
1011
22982
16563
6947
9442
16615
10953
16098
7855
27637
26471
31626
12659
31871
22251
4497
2257
25458
24601
7869
2390
27441
12552
3187
22525
23927
13874
2475
11033
13365
20463
11544
8881
9266
18189
5510
18660
969
28157
11308
29086
6096
15538
3653
31594
11349
2489
6374
29156
3679
19453
7075
17652
32690
3352
21561
11901
5390
25768
1816
31463
6916
31228
20021
14213
7492
8646
4427
19554
32679
14923
2091
15817
16403
26916
10625
15446
29642
21043
32256
18708
25219
18456
31104
1467
17680
21281
14667
20440
9530
15411
22642
58
10199
3549
28822
5778
10746
13927
22335
15351
3474
8776
13682
23937
22909
18187
14562
10963
27843
11093
21422
802
29736
343
18744
19903
5389
26011
9307
25080
22553
17594
9415
31899
18906
20253
14077
20514
1809
15018
9219
32542
32293
24244
21372
18223
5811
30545
15495
19780
11227
4522
30540
23242
21924
19372
19154
28104
24905
11766
4182
17579
4093
30609
22257
2351
16192
14254
22541
27723
32159
2593
1709
26576
16945
14361
20814
28907
1244
24348
4015
12657
20739
5357
2925
23653
7159
18351
7197
25833
11241
22074
27904
17727
13321
3355
13369
7756
30178
22911
26859
18062
14263
7120
24426
25123
13137
4198
8215
21540
18495
17776
20305
17452
14374
2474
4721
4485
877
10299
1868
24613
8234
8872
8603
29221
15575
27235
4852
15139
3044
24608
18399
2422
13575
6098
32285
17389
31890
3222
1487
4407
30958
4301
24778
18665
18886
23261
10539
19605
13374
6159
29078
23052
19216
27482
12158
3731
24849
11972
12581
11608
28750
12900
9968
19001
24440
3315
24830
15459
8978
24137
4055
13077
8026
9422
6254
29030
27548
31636
24962
5245
10030
16240
27101
23134
29689
13796
29883
9757
25112
24965
11038
30888
9138
13305
13960
17495
16337
18008
4921
25527
11931
11629
9627
4836
20726
24525
50
5449
4410
30862
15628
12350
10797
27081
22339
21930
5447
28399
3777
16478
30878
16251
4638
24199
6345
10005
28691
13628
21073
16665
11154
27323
29257
8659
15152
23449
27869
14465
15941
2489
27814
10713
18353
21141
1269
19270
18387
11502
29943
17377
23795
13459
24907
10403
8944
1471
13586
11784
159
22494
31575
16865
27393
27265
29993
3288
9205
11679
30827
31643
7098
6408
16132
1140
21068
26010
15788
26234
24347
19763
23882
7284
9042
7482
2393
11724
7310
16910
29046
27878
21369
92
7162
2705
31574
21495
31445
13056
1330
25200
7138
10603
11034
6735
18729
3054
19785
30301
32132
4605
25810
28469
30047
13406
19734
27571
23348
15919
14016
31692
6886
19238
15572
22434
18094
12255
19923
32649
11288
13721
26807
28732
16130
29563
3858
10507
23622
25608
17219
16525
5469
7690
29554
30461
14804
21741
20307
7141
11041
29968
14524
14216
13047
21817
17504
14085
5090
3829
6612
23749
24460
7257
28547
28037
17845
23093
24839
31936
2690
597
29611
23054
8798
6690
18139
29570
5479
11943
11157
2004
17363
1894
12228
15781
28810
15927
4083
9190
5795
25360
31588
16886
571
32509
9306
13503
27814
27261
14275
24732
30618
32723
3427
32418
21148
15016
10996
15946
6549
21226
4737
23370
4884
20843
17864
25085
24676
374
28191
27471
28981
31526
12781
23493
8253
20207
28265
10222
17891
6998
19973
19215
18823
2712
2393
31623
18873
24201
2632
15114
22331
19855
9848
10099
30303
1102
14343
27523
9685
9258
223
23958
2493
3967
32453
15577
3422
16605
9195
5198
21887
19323
18737
5492
14614
30563
9524
15123
9601
13521
7335
14150
22328
24198
24114
5757
10119
29638
28076
7135
23377
5901
2088
10748
24279
14165
9183
3450
11700
22112
15552
13800
20015
24329
8163
21415
17036
29516
32232
28758
8843
596
13770
27119
13064
21366
1891
16186
18764
954
11889
22286
4887
14326
19606
23114
31806
32378
608
23341
24136
1945
9493
23357
28141
32023
8345
19376
30279
21845
19037
25278
24794
1865
13292
4871
19814
355
26966
6333
5128
13786
31036
27398
30666
29565
10757
28279
3944
6903
22850
2134
32179
3281
12286
10461
31383
27993
6220
3421
26972
4115
13835
22961
18559
1259
3697
15163
10990
24132
1939
3581
8774
22340
31426
30547
3353
1692
14898
6211
7205
17058
9208
23511
5310
18458
10779
32011
24205
5569
6419
10718
17976
17227
23452
10289
3636
25373
1151
5003
27324
15023
1144
12657
23907
20004
9253
29881
4183
24652
8029
5846
20800
8397
6407
12467
7933
20208
3124
29535
25940
6170
24771
2928
32061
28051
24462
22648
22525
30211
27555
29922
24331
7020
9182
4280
2611
1874
24981
23760
31008
9001
28389
12904
32035
27611
18604
17831
29559
5080
19931
2146
6196
4015
24464
27888
5481
15860
10956
30622
465
25512
7794
32701
17878
13089
28090
10285
30106
1009
28911
29095
6649
18187
15343
22488
8818
6884
23416
11476
19782
12282
22540
23852
15063
28389
24233
29064
7407
1411
17751
309
553
10650
2852
23493
8567
31720
28855
30354
16691
1810
22623
9574
24811
23217
16893
21585
11435
15189
28915
23381
29740
19663
6094
6927
26607
31969
18140
23622
14808
18695
20702
27367
28335
17037
25142
6002
12615
28922
9437
12460
20459
25427
31997
8681
14379
25941
12181
12520
17610
26256
7740
22760
1347
11698
12493
30505
19917
29475
1844
26556
23209
29339
9062
20507
8410
27639
25869
10154
2625
26690
28202
5343
21155
26749
22896
28771
1714
26709
4318
11836
17894
22412
3234
3974
23436
22922
20483
22032
2825
15143
7067
15784
1789
9033
481
15763
31368
3000
21651
1893
20381
3080
16184
24276
29902
28969
21643
16640
20706
208
23105
24599
20945
8306
14416
15112
6303
25701
7764
3946
11036
19461
13175
3721
20514
9384
31444
7434
19112
13741
32725
30533
2933
29832
23515
23319
10518
4185
14319
21120
31013
10560
4874
26895
1464
67
20195
30917
19775
22812
21289
20876
17155
10259
30797
18759
25029
31363
24825
16597
20943
20831
29355
23871
10080
24989
15294
6839
5620
24347
18093
31194
8335
6951
8194
22053
20165
22642
11790
30516
16897
17133
26393
9510
11746
31363
29791
29394
12935
5239
26071
3976
26337
24471
17485
17459
1304
5207
3337
18146
8794
27183
29664
18910
10100
20643
11802
6753
24254
17032
572
17803
24552
22305
26243
4306
27037
21765
6477
7617
21663
8078
21610
20363
15279
24581
1532
31633
14098
18588
22266
5262
8777
16284
14676
23248
19992
9750
15616
10872
16548
17859
1323
17243
14602
16042
25648
23747
4988
3429
26290
494
26238
30692
27580
4808
16785
22235
20892
22265
22823
20175
15501
22542
9081
7257
3617
12810
30018
7102
18884
14443
3410
11445
23693
12344
12583
32704
3059
30299
1228
15145
12492
13340
9069
14920
22925
16957
11790
29299
30810
3545
2351
17772
24340
14525
23026
14823
32074
18848
32483
14174
6523
3875
16416
31459
6321
23377
18003
1929
21831
29648
3965
21815
1809
32148
5163
30166
21740
18854
8056
20713
20807
15114
32670
29347
24795
1174
11444
15351
23654
14330
20145
1495
9175
3604
11139
620
21266
29463
31121
21420
22001
14284
23233
28528
15064
21448
24462
32157
22745
25369
24973
26047
10233
31865
18476
15873
1995
9172
25167
15875
8756
30582
27340
15564
7631
17631
3498
6555
27912
29911
22387
15359
13475
13576
24498
6227
1526
28653
15144
23099
32487
681
21013
32635
19243
12991
6767
18954
2
11418
28041
244
23874
19980
15451
31808
9274
12014
17694
28823
28253
15454
8377
23581
15251
20978
1513
22169
20825
1697
31708
23424
31194
25085
25990
27976
15201
24771
21115
11737
15993
5770
23034
14527
19085
21735
28714
12344
1650
3861
9576
1786
1012
13208
4854
7437
2853
27722
24612
18138
7092
8071
18059
18957
12362
11263
19359
17557
31105
11101
2439
20165
934
3690
22702
31237
3104
8204
30546
4695
12528
27442
27561
16752
7775
8749
20778
24282
27780
31940
2279
22827
17
3306
24745
14577
30524
18541
13326
18102
30072
30960
20101
23035
32275
27072
27846
18358
32687
1523
10192
19330
14322
10193
21312
8028
12428
7462
27749
16957
17479
23205
7958
11963
23675
858
8421
30541
27851
18307
13064
26244
7386
12563
32458
24098
3338
14971
14356
16554
13635
1837
32039
13695
534
17350
19045
4213
3677
5771
3177
4658
9486
8038
25242
6008
6298
20816
32705
8694
29377
28055
17906
28156
2429
7206
16045
1274
9000
646
26560
27979
1485
22017
30983
15508
4859
13263
18125
27238
27463
3329
14404
19874
544
10833
28930
12203
3156
14027
18494
21771
18747
24250
30714
17377
20512
25337
4639
27896
18696
1905
16613
11564
18892
32268
9186
24873
30178
24119
14922
32368
30969
23404
16118
20733
529
17442
8734
7579
1642
23791
26732
32162
18759
27222
9916
20824
28423
11887
5458
8943
16350
17935
19761
17581
12271
11237
11669
22884
18511
13938
10087
20232
9717
10384
16397
8155
29020
25259
1185
28459
29470
28071
25114
19294
16259
30417
26332
1933
23707
26387
21851
15271
17431
1558
10119
2718
13235
5300
11780
21198
25765
30911
22028
25975
31794
30381
21578
20126
21770
3183
31426
6011
8912
19271
23402
16914
26306
3372
2221
1360
13834
5316
18636
3457
28665
3517
26778
13781
13311
32219
1466
21488
11468
1480
10269
18300
8127
21286
22073
3088
7495
23617
30431
3206
12442
26662
20344
27493
680
1185
15564
23731
3562
24141
26710
2585
15942
30046
13206
19163
10699
25747
24201
15859
29897
24128
3610
3305
27996
9751
19161
19203
30734
9452
22550
1222
2295
15940
24309
10348
6726
20038
22721
30899
23250
10504
26476
14303
11478
6937
25270
10628
32442
17803
19501
28224
3433
16007
7100
5444
14630
8703
27190
3059
17346
13512
26346
21711
4188
26344
16590
9037
21189
24746
15267
8908
1542
22653
3295
19393
32573
13931
21484
14989
961
1160
3305
37
28371
23110
15514
23915
11561
21337
18448
18082
8654
14690
29152
27893
27103
21054
21187
24799
27133
17275
21169
10399
6663
11781
11135
25283
8553
3032
21883
15685
1980
29701
27172
11881
824
14354
2248
29998
18441
20545
7281
29630
10569
17180
2597
30439
24020
7930
18959
29258
20758
15131
15862
8597
4418
18532
15038
23457
10817
16516
12956
13604
3611
31959
14610
21754
4450
11529
14704
5362
31648
2064
11350
13948
14738
26823
24610
4943
24681
4598
1027
18087
26411
5196
5355
21623
17576
17265
3915
20592
32323
19928
24601
30576
9592
26054
31562
4742
18275
30835
15742
21329
27551
13053
21068
9786
27891
2889
16428
14197
14413
11729
30374
7326
21482
4040
19217
15640
31309
30637
13238
12351
4654
5406
18674
22747
24122
15154
8047
2584
25901
32615
28214
31418
19497
25023
9998
14365
11072
14647
12054
10975
17739
27283
16731
5128
562
28132
13465
12779
5136
23020
24846
30900
19856
4899
15097
31525
24891
22192
25032
17597
1842
10338
25562
32527
24697
11564
18983
18613
23666
12926
9945
9453
26348
3404
23929
24462
15024
6706
11004
10666
24111
31469
6020
4015
3451
13269
29556
15032
9820
1713
19685
13094
4360
22253
27204
4937
6528
1495
19090
17817
15187
3067
29489
2685
791
8110
28401
5711
24199
30489
20896
8435
32243
9984
22277
15590
18195
17897
19391
15437
19246
22036
23102
20289
14339
1853
5517
24339
21634
9138
12122
30474
18449
29467
11838
19337
11438
1973
13545
9586
16875
18817
31351
8169
73
9635
30687
17291
19002
3698
1509
6793
2450
29655
13010
24029
11742
2512
30375
21616
14781
5552
8249
27023
23269
4484
23843
24778
27190
16193
6752
25044
9920
17514
10912
24530
2146
6433
9058
7144
9258
31878
14664
13213
20051
15019
4039
20555
27472
24333
28675
9555
15104
29022
11832
30620
22195
4263
11431
26962
7277
11198
26317
14755
22332
13452
16128
4284
7766
32309
27769
19708
8726
31971
24381
5864
28620
22677
15117
17915
6839
13035
10796
22856
12882
8846
15440
29481
31655
15725
19924
26675
1264
5560
3775
1532
24713
19454
12526
16149
7619
19371
2132
26148
29645
28035
32684
4755
1158
5782
12281
11808
8877
30854
10342
782
8336
23273
2060
28506
23000
19409
29337
8729
27866
16518
9338
31882
27998
3536
31434
22869
17516
12793
9981
6323
28245
12615
32177
24886
22996
16449
23529
2379
20658
9674
32083
5687
3084
8605
21027
10778
25573
14974
27240
6893
27491
8676
26781
16687
16553
22954
7328
21907
24794
31462
27649
29073
28303
25487
1085
30582
2683
11107
32483
19215
9158
3848
8084
23756
32557
756
10014
5564
8600
22132
24278
13174
19586
14740
31422
6041
20517
6004
16581
30511
8444
2346
1806
13031
23509
11233
4785
29091
13644
24478
11315
23456
14091
25245
24158
3306
10001
24565
18420
670
645
24229
12349
26359
6026
2304
10761
13543
32512
748
127
13421
196
30726
27789
19887
19100
12676
10630
8538
21444
24073
27406
14705
19556
17558
30247
32353
4650
24074
12974
26819
20646
18326
29271
10448
13772
10969
26081
12619
30845
5963
18587
15379
22733
23279
11852
31583
16145
12066
5861
15141
12465
2263
30512
15064
30486
2628
17730
91
3809
30360
19201
20859
17157
7933
2280
25116
14646
2741
20099
6564
10892
6888
24083
6926
3319
7461
29715
30598
4027
9830
25419
9242
32458
10986
8574
28584
26215
5605
8312
20205
10804
9892
8950
24827
12368
3941
25680
3925
17143
15537
26019
8484
24688
19152
687
526
23301
345
5200
22890
26650
13217
24109
24444
3930
8066
20641
8922
20545
21058
18353
10442
20053
15985
25473
4
24960
969
24122
32238
2583
29969
24333
29421
32095
9840
14749
11049
18755
16712
19626
3499
27467
357
19087
7260
10450
6608
8623
31778
31693
20047
31377
1236
337
20768
21802
9596
1147
27448
13872
10748
543
8161
4419
9140
22304
23339
11293
24442
13600
19809
6829
28639
30367
23587
11178
25397
32118
3231
10432
16793
27670
30921
11544
26564
17316
17491
2215
16403
16043
7287
11840
15308
8626
6289
1567
17242
12458
20481
11798
7360
468
11360
13409
1082
1095
26070
12682
25488
16888
12783
20888
14677
10921
31706
23615
22984
3812
32713
8059
16355
24488
22934
18333
9610
18742
409
11123
3732
21704
20779
25277
23292
26359
31469
8431
20769
11752
27029
17840
24996
25620
12951
24641
11024
12854
14516
669
31777
29785
15616
13468
16398
13267
29597
7998
24797
18794
15383
9130
16518
20661
23486
307
29208
24365
2885
28993
22746
20291
20286
14255
17393
24885
28134
4524
450
31020
25398
11522
16070
23462
30419
25870
20572
30451
3625
27259
19594
2573
32625
13925
1128
20158
2378
14626
8066
14011
9421
6303
13085
18644
12047
2512
16616
15638
24896
23634
3397
7262
15751
12062
13825
24926
31007
30854
24290
26334
770
5043
10771
20602
4339
24860
1821
4323
7032
14178
11208
14895
25532
25936
18110
25197
1353
23980
11395
6236
12224
20693
25586
10655
29627
30744
4114
21934
4189
10760
16795
30224
26055
30437
15188
9803
7023
1986
10460
2931
10156
19093
12354
1273
14520
6461
9033
19935
1489
212
26090
26427
18903
6812
25671
2661
6001
1847
10958
23285
22852
4231
24586
7761
10124
15960
41
24567
9949
17756
20173
8113
25253
10187
31914
28688
2164
8843
31393
18831
4045
6505
25875
18454
13550
8312
22140
3685
15215
120
18748
9323
12397
10117
31965
21326
23155
24370
5127
17267
12286
23724
21672
30320
3103
20253
7360
8340
27472
29762
15014
25375
16710
29376
26718
31261
29443
17729
11824
5690
12106
24889
26938
21690
16877
30644
8073
5444
5460
13857
11172
20177
24567
18634
7765
31414
31339
4177
32230
13925
3330
32490
18122
23049
10954
27142
16954
29675
2638
18549
27646
24060
23294
21714
14621
31908
14584
24474
7659
9110
30550
17394
12943
7905
25590
28100
18829
29786
17946
12153
13510
6861
11300
18727
20925
8771
8965
31445
18113
6702
11480
18140
7973
26601
14996
10549
11592
14755
3968
31781
17898
20336
19352
2618
2261
30160
25806
26945
32634
17060
5526
10641
25325
28440
14824
10335
22278
1753
14954
27616
22874
5692
38
23332
1826
1789
31167
25489
13784
29823
32215
12633
10006
28265
19655
2031
24735
25035
7833
801
26199
14062
2242
6434
15468
6973
6569
6488
13476
27795
20172
7051
6746
19643
1232
24196
21842
2454
12157
29937
5181
16383
2639
21221
31813
27938
2245
22026
15317
923
6233
15895
13070
3909
17565
15071
11641
31859
147
14550
25775
13460
16130
27789
13472
29760
7719
18778
3736
1047
14773
3803
20698
22393
14548
27851
13627
487
25667
25643
2488
30019
31634
2131
23258
4358
7904
4683
8208
13273
30015
23614
22264
16116
16005
21139
19257
19435
14801
13259
3313
15232
14555
6128
20651
15738
23188
11261
8253
32583
15978
21811
25736
20650
3062
3097
25833
17278
27040
11854
24975
5397
28504
18997
27305
3435
18705
32476
1792
29196
5997
30306
8478
12310
11147
16525
2781
31334
32155
26359
13247
18115
13427
31719
28448
22066
16119
8294
23543
19089
24300
3554
10333
13550
5940
4925
2020
1508
13891
11483
17466
23232
12332
27320
21568
18431
10798
14188
24176
31511
31861
18028
30713
23392
1354
30608
21147
13145
29553
22927
24561
24911
11372
9383
14719
6135
9591
2652
22882
21799
27965
3799
24635
26255
15995
19462
18810
6625
17046
32321
2015
3963
11722
3546
4242
5201
5419
28826
23532
26972
18759
14817
22421
29852
7941
32652
11845
292
25272
23985
9753
29047
14404
23176
9987
6419
26010
14289
16270
22405
29600
24157
14003
2358
13314
1072
26162
28556
4424
30005
14726
21463
6400
574
16915
24016
28277
2414
23009
24687
18202
20259
19153
15662
14427
30143
24796
28560
31042
20101
12927
22646
18646
32074
17197
31296
27875
31851
28718
1146
13158
30198
22775
20321
2924
8899
10409
15695
10486
28591
20233
24955
14829
3315
21458
18785
30957
17149
2
22426
25920
29716
7473
17568
5640
4466
995
5005
307
32315
7717
5764
9593
25203
25738
48
20799
19297
12360
30004
16091
9954
1432
6702
29011
10850
13944
14462
9062
3606
28214
17841
13595
12443
23302
24304
21236
14005
17245
9117
5205
3743
24984
18370
1356
26087
24808
14520
31415
7301
19248
17385
11826
3940
8238
22865
29147
14417
10968
16620
21202
6355
31343
27619
15276
12538
10630
28661
5859
25363
21946
13614
5099
6273
22426
27542
2072
17361
27316
74
28471
30639
2706
32456
20069
14843
20944
5433
11810
32227
9569
20398
1924
18320
26217
4206
23238
26492
18932
20609
13381
31559
20045
19919
10103
30048
4703
31050
15916
21651
5169
14772
1258
28699
4144
27842
15320
19582
25479
31322
18036
20760
28794
19198
15022
28126
5200
1113
27348
19571
17144
5191
29784
1895
21821
19590
16376
5609
742
7858
30346
8724
25305
27107
14428
23386
8189
16629
25480
1644
23041
6644
26733
3953
26147
29937
4614
15136
21595
14876
17012
16089
16952
21624
29381
1923
7464
26735
18316
19095
664
29385
17028
9307
27913
7809
1064
501
20923
13649
11951
25999
15153
14503
20117
13965
18835
28182
13156
18222
21103
31803
24091
1262
7676
6765
6461
26697
30907
20316
28944
11350
31972
18522
6496
7735
6040
29845
22664
28683
25247
17722
20064
27296
29676
15643
24582
7372
16605
22548
14437
16114
9151
17387
10169
27866
30410
27195
15133
6051
4191
25714
10177
9507
14565
8340
7159
6616
29560
16166
13060
26103
9965
2083
10026
32224
23951
16032
28677
18925
28296
6222
16902
12554
29797
12203
24142
3407
30989
27997
20748
14675
14284
7887
7894
6311
17149
15793
30802
1395
15195
19925
22019
26856
7066
11314
23732
29630
25499
13255
7594
28592
11064
14973
11335
31338
21776
6631
7574
9764
16046
15693
21661
31642
25521
2084
299
11486
30324
21909
27986
28638
29004
21379
8314
29573
6122
4319
32100
12661
18772
16649
21365
628
24390
29527
25035
21238
10388
20380
1442
8439
20662
20007
15340
3030
16209
23385
16596
12978
10017
25711
28230
25911
7254
27886
1406
18063
7958
402
19958
29096
3940
10086
26364
29140
31847
17196
20345
31273
12694
26354
632
12753
18672
31048
5441
11035
25125
17195
1738
11933
27387
8021
26257
27516
9757
18258
9199
22906
20962
4167
13604
10506
31096
21249
22655
338
5960
14465
30744
943
16421
13792
13238
6081
4999
10226
17070
25309
9593
14543
17023
329
971
1769
7498
7985
22661
26376
32273
27416
72
4138
18241
2806
13285
2500
12942
16616
8490
21178
10228
17416
32607
26826
29745
32123
20647
7652
21935
22923
6669
651
22920
12335
26810
6644
14550
28666
31565
3625
20785
12845
23310
12345
29146
11798
6464
14846
2472
9654
16781
1203
18554
23850
25358
14626
405
31231
22044
25600
2765
18223
7608
21086
30519
20023
28671
10251
25235
32067
4530
17190
3395
11799
17774
13794
18265
20733
6150
26885
7129
17046
20422
22365
21466
27419
13640
17415
17411
12594
20723
21229
25911
2576
4355
1181
31803
1116
6266
17452
2669
4826
14347
30579
27772
5996
18097
22441
27296
16075
14392
16851
4189
8389
27812
11371
26792
20632
17423
232
13747
5250
1818
15791
27243
23372
11471
32399
3653
14915
29518
22365
19077
17806
8557
20002
11008
28824
7122
14270
6830
21451
16635
17320
22335
14464
15374
8420
32120
9136
12019
22556
27284
17282
14591
15439
32209
9091
30701
11542
18336
24294
11663
21330
27341
12247
13643
637
24179
13953
26905
32423
24121
8725
32313
4267
10489
2466
16035
4040
13443
14949
21679
22926
14318
3216
9010
5749
23642
28524
23752
9029
1755
20779
14801
1284
1195
20075
19730
28337
28066
12579
3012
5595
20312
13865
9794
23686
9745
21574
19292
13492
20291
22349
24781
4948
31737
3440
8193
19980
14371
1150
24315
22790
24159
26762
6615
1878
18071
31975
4559
12902
10274
25648
2973
608
1814
31639
24422
31499
5822
29031
10539
28285
16919
30259
31043
2128
1421
29676
26908
18914
29713
5510
28920
2491
9239
7593
18473
21943
22459
4717
31175
31075
32236
8119
11425
24431
10523
16794
26015
3793
19076
19327
18583
8659
26589
14517
3090
18132
7088
24185
31029
8260
32631
5969
27046
13015
8459
21246
16826
32446
23445
7741
26144
25132
22273
12472
8349
30996
3915
24500
20521
22484
6104
30504
7525
15323
21912
29411
15591
7999
9539
23762
3486
417
20914
13637
6655
12934
24832
15728
12164
30414
5525
17503
24699
1186
2826
12751
22735
1740
5476
31320
30501
8726
31675
27581
6190
21722
19983
22499
29376
31389
28828
4250
18407
17196
1481
26117
690
1611
8735
27892
12331
2737
11453
14911
30869
6309
30962
31694
30598
1572
1181
26499
31033
21566
22878
23543
16390
29386
21863
18060
1412
20809
6955
28153
28548
2423
5643
8209
10690
10649
25736
29998
16793
29242
3907
25419
16872
15536
16016
13920
25023
13660
8009
13148
24879
7740
22977
11918
27673
27649
25805
13836
2982
16777
6418
7236
21352
4886
14262
11874
4138
5246
6658
13845
19109
745
30253
3477
29003
23680
4160
2215
28876
11782
19574
17623
27541
18399
27474
5850
7502
27086
15885
17026
18376
17972
23755
30353
19367
9025
22160
9486
18294
23099
30090
17547
17578
644
2296
20081
6802
14252
12418
27097
17388
8101
25484
8789
27744
8066
24972
19828
30686
2842
24374
22945
13912
3404
7882
11364
23317
3183
12428
30180
10088
26600
23299
29445
1326
6588
8495
32537
3628
2122
1952
4587
12783
10829
6126
22079
21640
2211
13469
26836
23811
9988
5692
1873
15152
28321
17684
580
28903
23288
4453
9493
9110
25363
28362
31271
10112
26317
11794
22859
22213
18828
23368
2595
23255
22853
1177
29613
22441
10885
24828
22002
9354
12171
13459
25162
28471
627
27370
12898
19028
8122
11841
7623
16652
10333
17758
16740
5719
12317
14388
13287
22248
7781
9778
24002
22904
15781
22468
15105
12709
16081
26388
28900
30329
13347
25298
6334
3586
22539
2144
27957
29745
23216
8530
9918
11241
27165
13049
18334
13681
14039
1305
24464
1691
22562
4024
27295
5394
10487
7811
24201
3138
56
27354
15746
17586
1116
5205
7405
879
19558
14849
31262
27799
1433
1396
30458
27905
28419
15158
11209
11064
10645
23257
9039
20735
7440
895
20939
13050
2005
12386
26398
1226
14604
29558
16384
25741
29308
6872
29131
6475
201
10353
30724
25723
16020
12748
27224
16254
28850
8367
21894
19036
14072
25535
22830
4596
12057
26895
2093
10291
23691
15114
14535
20909
29161
19162
30101
18555
13865
23065
6053
17648
29031
4104
15861
8536
4805
5485
22061
1662
6756
5274
15815
7031
16458
12775
10974
13237
21093
31610
1825
27410
22970
28124
14163
2079
16463
32107
27928
22948
28412
7036
6324
5349
11270
26742
23496
32452
26859
13042
32236
25265
10118
1647
22382
1707
11297
25311
28238
27771
21495
16631
7456
17629
7409
17815
2816
441
13635
31130
32668
29069
18220
422
13770
15996
9875
11362
15036
4124
3088
15394
10181
26625
8796
4993
6124
7489
22778
25420
8793
7196
12373
8835
24150
17256
2385
30705
1300
25109
27632
20359
10521
29616
13863
7196
13035
19315
13773
16648
24084
25111
22038
19852
20800
29478
17057
5798
8160
847
12254
21121
2901
18856
23068
9089
13642
19131
16942
32573
9349
15482
14407
4258
256
1825
25397
6890
17390
26520
9183
32219
17344
23665
31336
18991
996
8020
27685
22477
956
31054
22270
1573
28607
16654
8364
14686
4985
18093
17837
17928
14993
22890
30110
20294
21221
28714
10267
8764
6432
20067
26369
21543
25844
17286
28815
22286
18897
23500
19820
23467
13406
1478
1110
11730
29916
20664
14016
17194
16887
31877
10084
29370
12131
7251
30034
15969
22302
2548
13235
15873
3038
22681
30746
5804
22221
23025
32470
30427
16996
8586
7763
21324
1976
16097
28745
5813
6990
10031
22801
8511
21008
31900
27388
21300
26290
2338
3428
28942
2910
24600
19603
30091
27451
10732
18783
24896
2799
8752
25834
17811
22229
18650
32423
11201
24935
13334
26695
3886
23485
20662
5367
27864
11754
13307
32461
26739
17505
27117
18203
14902
11095
26703
13227
32559
26781
32409
23792
8308
12325
16446
9851
21530
3802
32512
29905
15796
31579
30660
361
27244
25463
21743
12037
20415
18719
7675
22150
4657
20764
5262
11684
11313
18779
23560
9955
5092
9311
6414
31613
14634
13059
31547
30167
9186
1345
23507
3180
7441
20082
18642
27405
9239
28937
29814
10670
31709
29027
5606
9665
23164
32510
20543
15538
14437
1790
12809
957
25315
23149
20352
2788
20542
24196
24325
16017
17030
31892
5983
5353
2211
6938
23631
24961
9187
20712
1671
27617
17126
16160
18583
15021
24931
3628
23366
28445
28392
28079
14354
2550
9545
12009
14741
1230
12834
7340
32219
20509
1388
5054
24451
47
31153
4593
18195
16538
8508
31243
30357
1965
19954
9754
17947
30890
26765
4470
4232
28034
24094
26467
19579
15907
20916
6854
32252
3411
23167
22307
20988
10352
25956
6814
19862
24890
21413
7267
1889
13909
9948
19083
25078
8411
29985
9738
13132
29420
32476
4857
11568
23782
4697
22312
14296
27732
28647
30830
16405
10650
7125
30685
16202
24223
31306
1715
31744
2749
13218
17742
11904
5500
13940
25671
21882
29588
14139
6978
7033
10006
19469
22716
13902
19792
13691
20945
9872
19122
3174
12380
11657
5750
26391
2483
13542
11653
5797
1975
15330
19904
24621
16798
10852
18495
3140
10625
11022
31487
20812
12107
25084
22492
31830
18772
32376
18544
20114
30349
17031
15392
19478
1473
11247
16135
13141
30981
28367
7770
836
15423
27308
22591
22730
6383
12103
25307
706
22909
1881
14305
30279
27014
21478
1957
19466
28799
19303
59
8575
26508
27832
13017
8163
797
9834
21341
1359
29790
22410
21339
23265
1630
26568
13264
1435
28205
16716
22068
5682
19750
30561
5945
9897
24526
22932
4906
13109
9161
7064
7560
11917
25246
5847
13075
6232
1770
31562
32532
5921
27917
2490
29284
1476
62
10801
25656
1791
26676
24095
17017
2128
21414
11818
30951
10256
1809
18518
27668
12605
18215
3054
11961
21016
31186
15599
30110
22851
28719
2477
16374
8153
14283
29120
12181
21852
4296
30231
9753
9526
14959
18071
27074
9191
12048
25170
22088
7397
9206
21516
29601
14470
12701
23888
13907
1067
27671
32517
10883
11607
27438
24346
23707
15135
19798
3939
30701
16357
8257
12930
19844
24572
19831
26702
17074
8309
12534
19381
2263
15349
23423
8390
30012
14858
12759
6730
22943
14366
7643
23225
23461
14790
24054
1323
31494
28881
11032
22373
15345
15365
27880
24297
17572
7727
1976
26445
11027
9677
30479
16651
12491
10264
25505
29796
16678
20738
13007
23725
12112
23608
12716
1248
28512
20968
29965
28445
22349
23715
21437
13614
23106
15466
32664
10462
10840
32105
13834
18337
14971
28593
18392
30089
15289
26565
21485
2107
26381
3710
106
13101
11802
31057
16600
25383
19242
27350
20493
1925
6703
30144
28637
11363
10822
19313
16488
8610
4309
16804
5208
14081
13544
4473
3886
22145
2870
31938
5672
31401
4278
25867
11289
9988
15194
29294
13324
9657
5683
12044
20032
24026
20408
30313
3736
6794
9925
18111
11082
5069
23621
25815
30267
30316
7524
22957
31475
2304
15218
7095
30447
24772
31889
13391
4472
24976
22960
25696
15350
212
7171
12808
31559
29734
32230
25494
1585
6315
14470
15076
9389
30956
16744
18075
3996
25549
26783
21930
14256
1906
2523
978
22106
30703
6248
29868
31469
29173
30627
9579
27104
1648
20254
17387
7096
11425
23363
13462
29877
31982
8436
24314
28185
3875
25652
31682
23889
9107
20374
30014
19755
24381
23485
30313
30869
30590
15343
736
26191
12987
24129
25822
26713
8160
27552
25880
22967
22344
9605
6830
24732
31803
1212
12360
15061
3779
5750
15875
11718
27224
16943
20042
6932
3687
25827
20122
30341
598
880
2974
27002
20331
16315
27322
21452
10093
14816
23000
4514
24461
6191
26809
31074
27612
5738
11741
25728
32761
13931
31630
18831
26239
31191
97
30105
303
28212
14567
20071
14476
19044
5945
14075
27193
26120
30539
13092
8698
28940
24050
16037
6633
821
6860
30762
8986
24845
13364
16313
12390
11629
1720
15382
18899
11304
14442
25104
12210
15445
2779
5230
26885
17945
13629
17063
24985
391
17104
4205
6306
14800
30801
1893
12676
406
32206
8289
31967
13016
30928
4279
18618
3719
25996
15408
29478
23939
21565
29586
23435
5704
15014
17255
25371
16459
18449
1601
13798
6042
7443
12655
4698
20716
28325
27285
13778
20479
30496
24666
31064
10171
9701
8173
608
21787
16763
13508
14327
21429
9799
18329
28016
27660
30398
11604
26675
29129
28822
26133
3837
4426
11532
28759
11661
18910
22782
2977
18485
17261
27704
4593
32654
21514
5611
28331
32018
17280
30451
28008
19975
10386
22821
8870
29397
7491
23938
3090
15717
32021
6600
13726
25058
27109
20614
13391
22976
29052
21872
8004
27033
24519
19011
23335
16144
3869
12103
3005
13446
24996
17662
21250
21767
31898
29513
11482
15241
24515
21718
12786
23834
2305
9308
23583
13918
32159
7095
2591
12595
20630
23472
30768
26648
3716
11717
11977
12681
24040
24553
2057
5631
7081
7399
24679
44
18838
31381
20125
5976
17994
454
23135
18603
31568
12901
