6475
3229
30770
30947
23760
29305
20118
12471
13226
27802
30023
10808
27911
15463
32166
14573
2864
13817
136
4567
9982
24530
21816
14336
11576
13227
26380
24610
6779
31234
21338
4845
27099
25295
25469
26625
20044
6693
29725
31329
1577
10355
27778
12717
9244
29304
3699
10806
2098
9667
8365
26741
30552
19237
17339
6962
18298
6441
8799
31266
29118
30010
9380
19867
3130
23243
22053
24147
12284
7260
19883
29451
10232
8960
5654
7275
28904
30091
24039
24083
4615
26913
3230
18057
10716
27057
19078
15911
12885
18771
2387
16392
31387
31294
12680
20049
9497
32683
16947
17931
7015
15997
28212
15672
25047
10064
5101
20625
32662
30735
20930
13537
20548
3053
29587
662
1885
23825
711
2252
30075
31783
25688
32693
15131
22121
9681
12489
1047
11119
25528
7656
10964
4293
4553
22312
14746
20923
24226
2484
11318
24245
29316
24739
5052
22451
25115
4991
20926
2693
23574
29858
2057
32195
23005
31833
5502
22056
29017
11323
2144
3226
20330
14552
20972
2018
24626
11906
16070
15751
15390
16510
17246
526
5646
8361
2841
10581
8379
8232
27795
1175
12056
28764
27928
11263
13548
9733
22746
22167
17073
7926
9545
19411
8516
7579
22101
13982
20372
21488
30517
21127
22071
12883
25296
4137
10817
7470
6020
26282
12941
12049
9663
5306
28695
25473
28777
5133
19405
29009
29121
30500
8631
14853
1781
20872
19238
1627
26709
10111
9996
20155
27574
12986
29006
2282
31252
3642
8098
25332
16705
5150
29663
30200
7700
25831
426
21000
769
12321
1702
20224
15066
27438
10811
19664
22256
11148
888
83
23411
22109
8527
4210
21675
18411
17143
8691
27415
31281
29687
32493
19535
2640
22744
18813
20978
18757
10063
8189
14276
17671
1564
17303
28035
27555
26272
12471
8405
4787
21445
11117
32533
18958
12109
2181
26278
29011
26767
30388
19153
3173
23784
14802
27912
19380
19475
11452
16878
10686
6160
29979
24607
24523
27118
7939
12916
18595
19068
21685
22247
4217
18271
6624
5920
19966
23249
22502
16147
20791
32226
9130
16864
6439
4766
29640
7365
31284
11584
239
15207
2984
12574
16503
18593
29524
14237
21560
21081
6942
19764
26881
30390
17564
14846
20435
29849
19410
18719
9389
28875
14984
21450
4135
3371
4716
14947
8191
3702
27853
28613
21777
16686
15199
18550
23568
5531
5639
24837
28881
1657
5749
9376
10922
19905
19137
18014
25340
11845
17672
23954
3504
12481
16004
18127
13813
7806
10601
28996
24655
17224
25907
22879
21882
5157
5611
8063
20605
16322
24418
27393
13487
26961
31255
8103
20284
24077
16402
21731
14909
31047
27798
31809
15914
8854
23127
13765
2294
23854
4149
30382
16606
16199
25963
24766
23425
23514
29337
30118
14470
12497
26019
13320
18841
1848
9002
8423
4189
25293
26842
18996
27977
8646
24717
27805
8538
17731
17592
6255
32447
1722
23395
30483
5050
24055
9586
11307
7453
28463
11427
15111
17606
36
23398
23247
6879
3831
15901
14666
22380
29953
30252
21984
17475
9090
947
23568
13855
32689
23435
13854
13887
12133
942
30338
27773
18168
10455
12320
31872
15602
19655
25346
24394
20315
19775
17642
19700
8821
6230
25262
2343
20500
27519
24825
22359
25216
30504
157
668
19808
12672
31823
16218
25306
1931
23374
15341
679
29791
28145
30655
21634
21230
22245
28466
18171
32609
17770
21781
18253
4551
23173
28992
13947
9293
7354
20071
932
13319
23424
10198
2818
15285
30030
651
25807
11474
6318
2967
11964
25509
21094
14444
3694
8138
2181
15442
13069
27453
25468
12515
30579
11924
7279
19978
30295
31159
12577
16541
25933
17664
7122
5461
25371
8020
24276
18563
4511
25181
31060
22901
21225
7862
13405
17205
21779
32372
9442
29389
16314
23838
16654
15880
20946
18612
31966
31759
3608
2081
2962
13334
14336
8190
8481
23748
23206
7988
24745
25034
24299
16805
2588
5005
21887
12212
29543
18313
3394
19984
26307
18109
22003
12750
8552
12756
27372
24971
25528
16822
28948
5332
19830
15740
14078
8132
7705
9616
32174
10615
25407
28256
31807
12387
9372
13195
4105
14456
13936
3896
7893
19303
2399
14283
6154
13362
4049
12507
15740
5010
9971
15069
27698
5021
23262
16295
232
7564
23324
16521
11254
1326
1627
17754
5038
8756
6608
31339
1004
18476
19028
3596
7515
31375
23279
29909
32340
6892
9775
1692
15125
9197
1335
25728
10881
19566
2337
19263
4191
10923
6377
23426
1425
8180
14250
31876
10864
31280
31925
19472
12043
20723
8328
4463
4272
12419
28506
24458
5070
9723
29604
32024
31934
13332
16507
18516
23004
8448
28022
7770
21666
27183
4917
21743
30597
31635
26986
4097
8584
3223
3307
10985
99
15744
28085
4109
23969
15561
29393
12303
21170
23642
817
21628
5020
4977
22701
18537
28556
29293
19361
17437
27188
2684
9041
12168
26736
15266
26887
10728
22110
16481
16718
21391
27821
9919
26716
6507
20105
13070
7276
14485
8484
27041
594
23222
31108
12539
26185
2763
3300
9942
9350
21594
29556
24304
712
9704
1312
21281
21945
2540
25443
20719
29346
30822
8960
10605
10097
26001
15349
21704
16589
18695
28104
7078
1955
8991
8619
11485
5373
1310
995
20223
25810
21301
4417
6530
11772
24107
11575
21024
14118
3314
177
12189
9771
7486
24937
23484
8445
1190
21824
6872
1218
12957
27750
24
31101
24083
10548
2576
15944
10305
31696
27633
13206
12477
31641
9314
26316
15761
32716
21338
13313
21687
1189
1385
30795
4846
27032
25334
18627
11915
2356
24354
12256
27525
29322
8743
5272
20632
10211
32766
9245
11249
13798
21660
24808
26769
14908
7062
22318
23581
2058
2522
26797
3953
1160
21651
10027
4860
5491
10520
20183
12931
3756
9786
7976
21119
29732
26651
4775
27641
8365
27684
19327
31329
29156
15217
29829
16768
32072
26272
21460
6195
2508
28304
24024
24423
5418
14906
15698
31540
3005
12912
32324
1745
3377
2295
22435
4733
8233
4351
28922
1384
4705
25518
30498
15331
29367
21511
23665
11557
5596
29208
16070
19003
28228
3586
7968
25244
11137
20479
23625
10579
5301
4934
15278
30801
26014
15897
14596
9795
7469
21043
22309
11675
10311
25880
16909
640
8985
6332
15251
18316
3764
2386
2571
6207
20632
30170
29101
23144
7499
11682
10044
30361
3766
1394
9193
31269
6846
17389
20551
31752
26123
5401
7570
10356
2749
10703
23096
5533
23085
12366
22615
30414
25805
20469
23100
27018
10879
17046
10969
29464
16815
2726
19863
21366
727
7685
19105
5450
23014
10724
19027
14616
18051
21678
29739
1176
20440
6097
23341
23962
16421
29572
11091
10932
24581
23463
18740
31310
8422
19741
9928
11155
12762
32746
13738
804
22921
8930
6394
30776
9122
31288
1689
7534
30678
6956
10491
21265
3079
21323
18599
28529
21211
4808
3549
15444
3000
28066
18594
3900
28811
30816
24334
23794
10659
26965
18243
30532
12091
97
19498
9869
5193
17296
18864
1882
23913
8105
3782
32500
686
28735
10547
14424
2680
23494
2229
28084
20321
19547
9393
18728
31396
7940
8525
25129
2085
26471
22102
19334
18676
24301
5152
18591
19618
17047
4093
5918
24934
951
944
17658
30409
17435
16591
18782
7692
7955
17053
2409
10046
15647
9893
6314
29045
8435
26065
24480
28772
231
11669
24899
10490
22698
21021
6952
31365
11170
76
29325
29017
12550
6107
19236
7054
22368
27531
17165
26681
13767
3842
8756
31976
7603
22394
20923
9467
4359
17975
10967
2544
25719
14614
6943
17261
20237
30553
32475
379
5199
32371
10417
6867
22274
21509
22615
9481
30526
6188
24841
27591
10013
7313
29351
8188
7668
25225
24408
28546
680
5130
20996
24952
19005
20718
14502
21226
24704
933
10257
17240
32036
24051
13665
18438
2166
8235
11265
30908
26424
25280
9651
30797
28182
17375
23747
24242
6523
6179
5921
16974
30567
3936
17330
27003
30079
9175
20978
19752
32259
9218
28249
2277
31537
13462
9451
7276
31011
18983
30134
32324
12991
20305
9668
28365
24345
30214
2455
16007
4406
4145
11510
21042
27814
15741
5735
6875
22085
16842
29511
30617
8394
29002
15399
2678
430
19726
22446
29022
23407
11344
27858
4084
7894
9331
29681
9811
11663
19272
10461
21715
17677
27863
18076
25656
2353
24437
28731
13698
19188
18083
22706
7183
8156
20173
7788
6289
19354
14745
26043
29373
24055
29725
2069
2933
15281
26095
11402
28823
4487
12714
20644
16240
28032
15638
12122
14910
27358
2249
3712
8451
502
9407
18860
23889
9656
26862
29749
25738
25950
1693
8823
23434
18743
2240
21830
619
5716
28511
8473
16032
3413
15255
31974
15702
5451
32609
11162
8082
5175
22020
27995
27960
31568
3996
5305
11209
17902
21448
15955
26921
22124
3402
16440
21132
15653
4553
28884
2830
2611
11983
9217
25947
21295
3712
12076
26431
4862
17484
27784
5529
31242
17252
3948
29410
10831
1659
11014
23061
12999
18891
3825
29505
27358
26170
5097
26347
3800
7623
7542
12495
13012
32602
29729
582
19157
29051
11822
2116
8866
28959
9140
8299
12569
9073
25958
5196
14105
32509
23563
20916
4827
2653
6458
19029
7448
31760
30883
11479
17951
26854
31685
1274
32108
9171
18549
6
14117
31718
25969
5756
8029
8834
13997
13170
15278
13730
21941
7653
24667
12232
12588
26528
30394
22647
24822
31034
8036
15899
21337
31263
15146
17295
25062
20300
23172
24918
31664
15120
31687
25602
25835
19357
23816
12047
4777
15885
30529
23803
25626
18149
31967
31518
26967
20717
28298
6476
2609
14004
1431
29422
13930
17112
21537
6410
21280
24224
3985
14840
22498
17985
709
28055
161
23968
8667
18943
8221
22575
10776
30381
31054
20974
7473
31113
5284
14186
16292
4833
18639
28180
3757
11021
9547
5626
25292
5659
6019
31109
10395
18268
533
20355
16942
30865
4163
22363
16383
17860
22116
3838
12515
20666
19103
19879
19772
9329
20469
28229
14899
19122
28726
26590
3691
21376
30752
14849
8752
28579
29573
28387
2524
13654
1515
9325
25014
12196
20178
4390
20284
30375
28505
20851
19552
16525
24980
30046
30189
8382
8346
18084
11995
1106
8940
4708
30463
26746
24423
27021
21546
18757
32676
18072
8539
23694
325
22240
86
22247
23103
18805
1680
13678
15100
31995
3834
22945
17288
12717
24274
10621
28648
1100
1107
24581
8754
27239
674
18426
1929
12288
32538
15356
8196
4636
14483
32029
28635
425
6633
14969
21256
23935
13777
502
4878
2585
27240
17440
14670
14607
20409
6780
9958
29240
27908
6508
15786
955
32047
9318
23683
26146
19321
31940
7180
23836
26126
6446
5859
11551
3283
15645
7129
8665
24399
17878
28336
22783
23886
13183
14031
20621
21073
6889
27101
5959
15536
26134
25332
12766
11729
5934
28041
20156
381
9016
22031
15904
7944
28569
4267
21448
16280
1758
14638
23319
29042
14081
5644
7734
16604
32033
25260
11347
5065
26613
29705
2765
24076
29741
19791
20642
24727
21355
28830
21309
9911
4139
8933
1828
26890
5776
30780
1780
26245
21416
20720
22127
8284
23136
30185
28474
13936
20216
15835
28759
26223
16243
4907
26938
26720
2319
21816
11464
4124
30850
26168
24662
15288
29779
16778
5694
11155
13872
13563
13149
26953
25074
18969
8789
24452
9849
4948
28442
13619
1572
27465
20727
25430
27253
17200
26814
21802
16365
24587
3232
12063
1218
23776
25244
6572
30434
29380
17978
8623
25384
26182
1484
26776
342
3151
26396
31581
17929
7995
6939
14268
9615
6012
21399
11248
26611
27088
3553
21949
26738
28579
22696
4651
26622
21715
25384
28667
31782
12479
32573
27546
6494
28438
28593
25546
16690
24456
24471
21235
31400
10766
14160
2477
27797
44
12099
19371
14178
12847
40
18657
1373
20985
25649
31028
13882
17310
17463
25067
3118
1707
26469
16484
22147
8608
19405
32382
16205
27562
29115
12680
8041
30561
23366
13653
3486
7147
19791
14749
17244
2170
32432
20591
27424
28869
22010
14645
31294
14273
7625
17469
22882
2145
13155
16267
21693
2802
8905
26165
5745
22567
26425
18488
19315
29067
7834
4435
1215
25025
27128
31254
27707
13703
29914
1786
32390
16669
12496
1491
10303
7250
14913
31440
26413
27136
5924
25247
25925
24213
4059
22518
27919
2977
17956
18327
5295
15685
26013
28204
3674
12493
21759
24653
12987
6778
11994
21861
4944
21270
31793
23289
12410
7317
13063
30272
20627
14223
22122
3807
27394
558
17763
17901
9182
2953
18830
6484
29272
27977
19957
25593
15809
22499
21073
28659
666
3168
11876
26763
27345
357
3309
1662
12758
10148
11557
20868
11992
11417
30064
18139
29998
14617
12687
7432
9337
31675
31271
14802
16296
22007
15163
16378
13265
15663
6815
24288
7478
20433
8006
18139
21140
16635
28095
20927
19587
5130
13803
3984
8221
11218
2442
31765
31224
28688
17143
10909
20482
15913
26339
12753
24175
238
923
4671
30104
9684
31746
13991
9264
13455
27658
1526
25337
4265
26613
19267
5277
25444
16266
30965
28161
22194
10687
161
12571
10441
19776
8709
3520
12909
32145
12296
31161
16562
15476
23362
25326
7563
6816
5695
17420
20774
29336
8275
24024
2239
11277
12378
9414
9733
15800
6530
21568
17691
32626
6334
3719
1424
3513
16957
31166
5491
898
17094
26730
25673
9979
22923
19738
32321
20797
5024
32461
24208
22736
27360
11547
2731
6737
30395
20684
32398
25166
24031
26452
23795
30461
11392
23804
29934
20476
7049
13170
275
11813
12693
12258
2781
15574
30544
11634
6080
12782
15711
5787
13262
304
10909
355
4250
11133
30247
30791
17815
31211
20788
6934
18888
4176
6508
30895
32071
12947
29965
19538
2997
23467
30419
9879
5974
23745
22545
31735
30529
9898
15445
6234
24972
8047
19007
4263
7447
31069
12808
31032
19782
26766
31429
26969
5231
20370
9237
10723
10363
2958
21113
22139
2033
27555
22875
14011
17412
5931
1597
9723
20251
12785
5437
1620
28098
27938
12241
29907
19117
26477
17167
17064
17657
17980
23443
6290
23199
19909
2497
8076
3968
27948
6555
4946
25644
14235
9760
16601
22072
6869
16588
9402
32342
20331
2637
8917
12116
32347
12881
10859
31619
27511
24789
1869
15580
7069
3065
8815
9886
26975
12805
2548
1546
19064
22534
16926
10811
11203
2508
7800
29156
16756
26855
13311
14419
29831
7392
23239
18860
13892
12114
12069
10500
30262
2945
4130
18832
16027
31056
14976
26321
5874
104
21843
26151
15334
10424
3759
7935
32648
2658
17587
3390
15444
3971
10437
19562
12574
12048
20570
18531
23493
16539
16527
21362
31731
21850
12048
18376
20232
17296
29904
1384
20930
17919
1140
31713
25591
14763
8184
522
3641
8414
1766
1119
24815
8957
26575
3464
28685
17754
1438
23259
20000
4555
15020
4499
7464
19575
20871
16361
21300
15082
3210
8183
11375
21267
11091
4316
29656
29059
18099
27963
20386
29396
31038
19680
5528
15556
31829
22993
22490
26680
10017
12256
22932
22000
5780
16458
28446
1109
13091
27051
29847
32110
19090
24347
399
10429
2494
6131
20483
13610
19457
21602
28849
11284
29547
18816
24082
3826
20120
16961
19285
9672
30360
29001
11260
23859
2325
21050
25742
16248
12359
20411
23660
13480
3119
28182
17486
19075
17908
30944
21722
19816
24580
9436
3091
30784
13104
15808
2102
29163
31365
21067
2610
13157
21879
24473
26988
19052
16724
16226
22082
14608
14529
4950
12367
29503
27042
4722
28948
12288
18247
31702
15182
27793
10378
1332
723
7290
7947
24962
30861
4613
18012
30581
29102
12110
28565
3484
24790
26826
18281
5314
11184
3731
25193
20458
12001
12955
31947
25500
7710
22142
12474
21796
7545
21528
28577
13509
29949
12535
10453
5292
5882
15644
14662
2305
23854
578
1480
15368
24745
8563
31492
9207
9120
18783
7103
7868
27752
28796
18377
8846
11294
29335
31648
20690
6978
6713
29248
2903
23102
31399
20576
12996
23372
20542
20987
28545
9952
24861
22666
21792
11115
4380
12811
21214
15562
2143
32398
14976
12142
27808
15254
12643
5859
16856
12866
7746
7932
3984
20194
6339
14977
25812
17942
1688
31211
17733
23906
27781
18518
28290
12949
2130
3171
15796
30518
2866
15989
18850
17035
17151
27996
1635
24233
11007
26095
31834
19060
15314
16901
17602
5160
25742
1680
6845
11679
24018
12402
24691
27950
558
6958
31855
4999
1489
3118
27643
26806
18987
24855
21505
20468
8371
26403
14940
5020
6829
15647
26219
8259
636
20839
12311
28536
19854
4278
16700
119
15525
12877
32285
28288
31444
14760
28133
31357
23105
17768
5418
14033
20516
5880
16574
29230
2154
26072
16383
32703
21435
3398
554
4231
20848
29302
29465
31649
2438
9564
20580
4247
12641
13663
65
24712
4268
32594
14471
20664
27215
22858
31879
17025
28721
29900
9509
10862
7907
5969
18238
4552
26916
25805
24864
13197
22974
26485
16445
12147
17608
17324
3360
11025
18461
7835
23592
11041
13655
10654
1589
29751
3665
1095
25878
23575
32713
14937
23592
8780
15474
2760
22054
10338
17701
24664
5616
14260
2541
29743
24693
27749
25045
30256
8914
23217
7761
20138
18444
5494
31126
6277
30386
25184
19943
21163
26409
8668
26209
31508
28674
15982
20634
19836
18049
22748
24801
15201
17893
23564
6560
25246
22749
11575
22780
19313
23800
19101
5750
3721
2225
23709
5342
12073
323
662
15264
30017
26120
32424
19722
26306
9178
20768
26037
10063
25461
21952
7174
218
23202
2807
13621
10116
12373
21641
14333
28311
198
18674
11178
7207
24327
27197
3318
21621
30281
4319
28816
13808
9618
18575
28181
12824
7514
27899
17548
30566
10023
30071
13412
23498
21430
5318
18788
10001
21790
7045
16801
24587
18120
26986
25933
22279
5582
11050
32161
5049
8428
10371
10236
3160
32726
32633
1205
8025
11866
22402
14333
12491
6230
22758
23957
2037
14401
2655
28382
6528
8834
8313
11623
19988
29829
18422
27296
3298
12078
1538
57
23885
2222
28331
31467
21110
15038
11202
23700
9977
15991
7101
28822
30474
18431
12816
30871
25201
10390
14296
30195
4025
1645
5496
1814
3449
5662
27490
13931
26175
12895
29139
13129
26419
21270
23812
15320
6467
32161
23772
387
16443
21689
15585
2108
23253
28410
10935
27504
6736
4054
16153
4650
6124
18192
3837
11880
12834
22502
18421
27281
29472
6468
11452
25144
11699
17739
11354
29250
7506
26355
18416
3852
18898
16686
2286
9665
13983
11167
27384
6351
313
30098
21115
9701
570
26754
29317
30372
18357
17
25099
17345
22422
24078
4740
19683
5115
26036
24378
30294
23412
16854
1660
8218
4737
26256
2891
16526
11071
24415
16369
30627
31754
28529
3948
11776
17737
12894
1335
26176
10810
2116
4287
11524
6246
10458
4930
3898
9410
15768
27797
11402
17749
23492
29938
24213
442
9183
8040
1086
15505
11371
25178
19145
4990
12998
30980
19829
754
21858
6779
5760
32436
22337
24706
29548
1960
7505
18938
10472
29416
15039
2654
24894
5658
31273
12638
13063
24637
24067
9057
21563
3604
4940
23853
30879
9407
17972
4790
30966
11474
12563
25249
13079
19403
6788
5568
6570
20842
18504
13121
9451
6676
12563
6182
17504
18183
28681
14843
5173
16574
10609
19099
28519
16267
12428
5182
687
12822
21329
6880
17040
18681
14680
22913
6598
12899
16349
20351
19379
10316
11620
982
24890
24403
31803
10691
1286
9243
21402
11233
30403
2173
5058
4196
13236
27035
6736
27358
7492
21376
6211
25970
17738
22141
31776
21780
6655
17986
3864
18941
29277
4643
29874
8004
30307
29115
16709
12779
3343
175
21479
8599
23767
6121
3417
19091
454
14959
24057
2688
26386
18259
31072
22163
12487
21026
18173
13339
21631
1707
25495
16725
26373
21653
14415
11913
16168
19209
20538
19670
23751
3096
11889
12734
1458
4933
29442
23596
16532
12884
7623
18768
16598
8924
13008
32053
29923
23288
27843
11453
15093
30466
1529
29718
18213
447
29188
22189
37
12355
9669
10975
1671
17991
17613
3499
15699
19262
14227
2040
264
91
20082
12506
17648
8959
10794
19905
3415
30458
11056
15141
12188
22380
9649
17903
26621
9422
2278
3943
12136
21077
3282
6945
19021
5226
21059
16393
19484
17815
11656
25388
16798
32504
5332
9385
24329
7386
24598
31917
27988
30638
12417
12326
17632
32107
29357
581
27183
3750
32502
6585
23579
3763
24621
13847
20838
30089
16754
2936
1643
26044
28838
26631
20998
20645
17280
10466
943
3679
495
31012
2856
32455
16668
24534
7417
19587
22259
16085
28000
17020
16068
5783
13851
20473
27685
10307
2568
22312
8685
26926
31802
13677
28573
10354
22210
7294
30822
18665
2040
20219
7004
1953
3033
8899
32041
28723
27024
20183
20546
24154
25558
635
2314
15742
13724
3722
28711
7362
8947
2535
15834
10136
18632
19800
5540
8348
27846
27360
23158
7682
6431
24626
26616
31888
3786
13193
17975
18367
2908
28103
27057
13095
1564
31839
591
13086
25291
28977
16483
18424
10002
22049
20373
10486
557
23996
5145
10659
27929
8721
30520
30187
21542
24125
17647
5875
6488
7953
17622
7203
20929
19095
21840
16838
26268
5659
24712
32750
15721
3523
1894
4648
14621
12428
22352
16895
18689
22277
19494
3114
20597
8918
16499
6532
32121
4273
17051
31478
8825
30202
3647
8395
23155
14087
9673
9118
9544
23153
14519
9946
17518
18871
10176
25109
28466
3804
4271
14464
30716
12914
22619
13056
13030
1306
10698
13157
22662
6933
22057
19615
15968
4146
27115
21899
4375
19960
10235
2446
17199
1436
27784
23508
7594
23250
15778
1962
20095
23646
2155
25083
29588
23214
13906
32189
30570
29834
26205
22151
8037
19852
11061
27230
27161
20879
14140
30012
20186
11277
23713
24207
5671
12774
14326
23170
23906
26555
16509
18060
26328
3742
20979
25160
6558
13431
4174
13156
2965
11579
18026
9443
6769
5490
5486
18363
30507
3702
29462
1119
6688
18499
4590
2644
23654
9295
24296
23764
28148
18597
17571
199
3679
23038
23819
2614
20715
18233
9944
5376
19241
6208
13544
5642
22510
3572
8751
26604
5946
4214
23939
32691
1556
27804
7468
21480
28709
14634
31441
12714
6002
26599
23782
357
15646
1634
27497
22052
14575
1455
23140
4165
957
2129
21805
24013
936
12477
18985
30840
1952
15081
16208
10984
12885
20151
13408
25682
6979
28862
26705
29550
10053
17060
7225
26387
2219
25540
9819
3247
31065
13957
21743
4658
6235
5740
16525
29406
24206
9869
17147
3035
23828
20375
20400
32553
27277
18548
26597
26930
2779
7142
21718
24252
14287
2403
14159
11970
16325
24286
21600
32066
12729
31989
21406
31151
17695
7793
25589
13672
22105
14299
28884
29727
28490
21329
14810
14798
26137
12432
15377
22368
25327
10415
27703
18682
6149
24754
17980
24129
9722
13765
11983
24259
2332
363
4189
10800
728
23491
32146
13750
15656
23927
30741
15747
25740
4757
17065
2800
10144
21323
25297
19855
29189
3835
9820
14079
21269
16843
9751
20195
20284
19590
22385
20012
23981
14880
19329
15950
2726
9708
14957
6863
8478
28969
28399
18709
23906
17964
3647
25616
31928
2819
5453
5868
1219
23839
13527
5036
22533
31531
31378
6171
7055
8654
28197
27946
5210
21439
30059
23151
31133
19764
29705
10521
17415
32335
12036
1878
16430
22476
1440
26292
7563
30932
3457
19899
22928
25732
4230
1682
16718
20794
20389
6687
21148
25475
18047
8388
2153
14848
30753
8035
5222
5963
3593
26871
13045
12928
18181
21207
9419
18100
23638
29447
27754
23870
8166
7678
13371
1608
10039
27278
15490
16101
23335
10372
24408
9064
15718
28659
6948
16462
8436
15616
10968
23523
29641
28011
32225
28200
3159
27357
24623
11346
13839
22140
21883
4284
29964
10253
4496
8152
10560
25710
4585
22083
24175
21733
11172
11194
11960
585
25456
27232
10778
9418
7071
16723
13831
15028
3916
29999
19628
3582
12303
24797
27710
6760
20047
7275
25404
827
31489
6043
30504
6539
19489
16688
10228
22908
7147
29651
2789
16008
32116
21728
25685
23692
30681
6451
18551
19691
9178
16274
8105
13503
1652
16376
29627
29352
30087
29350
26647
24691
31299
2438
12096
1642
32704
25074
13552
9156
10946
13514
3219
2384
31285
15877
145
28923
18104
23809
24432
16044
25079
27141
22658
27706
30053
3411
25186
19519
21106
18348
16952
19678
11499
5061
23366
30048
13042
5079
29434
32539
9352
7694
3644
9134
28467
11831
31100
2136
26912
19135
28032
4015
4472
18069
6046
20666
14981
31048
5300
31732
13486
2614
10960
5243
30737
17238
15878
5425
25882
3025
8622
24416
777
10763
32720
10698
9745
16556
7477
5384
7494
8591
16663
2919
29494
3398
31793
10330
27310
17790
29557
3318
13255
31774
12108
17601
23538
8365
16631
12203
13936
22813
21573
19347
26905
4811
31827
12673
27693
3085
14046
10303
8788
32346
16925
20392
14514
11444
30180
7592
15768
2439
22865
12149
20184
27393
10990
20293
26509
23630
477
77
12197
1503
4923
26744
15930
26257
32637
2309
585
11023
22594
25752
31748
22637
20376
29505
7091
15025
13933
6722
31091
6015
6262
18251
11309
2266
24691
19540
19521
7028
105
10976
10622
22465
7659
9010
27188
15484
15195
5500
11294
25880
17272
4283
22086
7703
15693
19618
5606
1259
17204
16762
32396
178
8247
6808
30939
25759
13234
23954
4467
25770
27607
21021
21625
12439
19504
31718
12479
2345
3566
20899
24585
30431
29819
18932
2267
29001
29018
22644
14463
16770
9971
2803
29416
14898
17067
8285
26731
750
823
12450
26663
11380
4245
20044
24682
3836
4106
28765
11544
4939
5837
27758
5798
31496
19156
22237
15092
1084
8669
16450
9179
24496
17232
32062
3563
24961
6737
28453
21619
5789
8680
8635
7849
484
26069
993
17435
12016
5941
1695
28074
2136
27842
1958
14956
29385
21295
6649
9945
5640
12942
275
7963
30825
17032
2182
1005
8492
4008
19360
31799
22886
28836
32336
13345
23361
15165
23066
9453
19069
3278
30613
12204
12571
29549
5767
14163
28294
12549
9298
32129
3916
12899
12808
20422
24310
10500
285
4582
13673
32470
22337
25673
1154
6117
26544
3135
682
1661
20906
24182
31318
31476
31149
15035
18016
20707
23652
10866
22132
10294
26654
27194
16073
31022
27398
4460
20888
1792
14895
10503
4284
32070
24292
22060
26952
24920
21919
17107
8875
20721
15181
10791
13940
19561
11125
23682
25994
844
2890
12701
21302
18088
2910
13888
13829
25918
19277
27969
18983
18983
16469
14939
8340
16200
18792
32750
10704
12681
14591
8048
29417
17730
3693
26339
30390
28203
7739
1111
9532
5765
660
23304
22144
11760
23160
3172
17896
14591
8217
12739
28340
12085
13373
8810
12779
7599
9811
13264
4498
8567
15975
10508
1210
23813
24513
166
29573
4379
177
32472
18929
31167
11672
13541
17333
31972
23265
23720
7007
6297
11077
10836
8743
21399
17731
13522
30184
15217
23664
18398
3589
14397
12493
22944
12232
11871
30703
30752
1650
2970
27016
20880
6817
29987
576
32004
14472
22858
32179
24547
31736
10128
2538
30429
13536
26380
19479
26609
9854
19278
30832
5525
18237
17582
31771
29126
7856
22941
2605
2654
10962
23337
16919
13972
21856
16236
8107
28790
30106
6507
29270
15198
8842
18021
15101
880
13653
32065
1371
8316
19208
30054
7050
6526
22675
22260
20442
27741
31652
5852
2777
30811
7782
17932
20722
14371
17405
13192
3280
15144
26399
3515
6423
17523
15304
28728
17906
8160
24758
32629
27712
7459
7409
23776
2586
13012
10557
23094
25033
4646
15626
25506
9762
28335
8692
7399
25744
27719
28835
9788
5912
1926
19832
27254
5584
25648
753
14434
348
14188
13194
15896
13612
563
3148
17799
23104
799
25838
20014
20610
11617
4634
20615
22180
3367
23017
7259
7661
20597
31353
23489
20740
11803
1494
20801
644
6902
32351
26651
31111
10329
6734
8809
26708
1328
25723
22889
17030
28115
5246
8402
9752
23926
28542
28362
7179
3685
20222
28334
23328
17707
2626
7527
12492
1331
29400
31434
16893
9238
23608
15382
30498
15248
16920
26
7264
14459
4297
3708
2168
14328
22142
10224
31416
2701
15354
24060
20907
3972
3791
19814
16904
10645
26361
28461
20218
20595
1330
105
29298
14711
28416
16933
9688
15427
2358
1772
20744
30448
271
11318
3912
18369
14310
15054
14153
31023
7423
31125
9516
30642
27776
17127
27361
5926
10874
25964
17680
20614
25666
17849
37
30512
19009
22228
23278
12170
4044
21583
27064
28549
11853
28982
1647
1072
11432
27596
30731
32236
25427
9886
11551
32728
24928
3097
10989
15676
5657
6768
11301
29358
14008
580
22522
24365
32550
17165
31723
11266
26743
9481
18477
20715
16214
22750
14411
21685
10328
25089
3896
20723
6068
16714
8101
23093
3459
6657
32523
23747
1863
17432
15238
8307
2868
27416
14888
31947
31010
31158
1332
20848
26860
9931
1813
5419
19809
245
30910
16594
22216
21214
10147
439
10094
10907
10508
31226
22627
13159
5729
25551
3120
27001
1877
12085
24803
31857
11465
10364
31369
30036
12454
24673
6808
27096
21677
27979
18615
12101
13268
12212
29868
7116
1881
2700
12548
30206
25199
31477
12678
13940
31983
10559
6236
14461
24362
28630
20519
25421
3716
27486
14641
13732
15425
29127
19259
29351
28009
19693
32071
30525
7258
18391
18488
31691
29249
1100
28875
14060
26711
10534
28951
31311
26175
18523
22862
31618
19634
24152
21292
1817
18727
747
6935
23875
20674
20122
15763
27516
13964
5611
14161
32660
31363
28328
14779
27927
11452
31215
19853
28300
4445
10341
22664
20676
6135
7290
11046
12027
12882
29048
11920
13124
9294
1160
4858
28491
2114
26490
31217
30221
30920
25594
2044
26594
6796
26656
3145
7875
7748
23606
1318
6483
17602
15361
13109
10204
29824
23703
11583
14094
2497
2646
31232
24812
14328
8497
7419
11505
5335
27725
16098
7456
15079
30795
10749
20036
23379
5738
13906
3674
5131
5438
31015
23710
28953
11872
5887
19328
9638
22272
30413
13625
17070
1035
18651
8308
32564
2322
23362
4903
1848
993
4550
26155
15454
17705
1589
29948
23805
22906
23111
16767
9120
15402
7028
21595
8933
22685
17647
18206
26421
19686
27526
32234
16734
25426
29388
9000
2745
28459
21145
30779
13653
9095
28534
759
4087
6554
22607
2067
20374
3769
24377
8081
11656
26815
31461
163
15151
18988
10713
26432
29084
28169
12342
11817
32073
9766
31856
25821
21380
11504
18189
18809
16640
1722
7397
9020
22125
27899
29538
755
25005
12442
10616
27458
32741
9990
28645
21339
17972
4214
32500
23347
1164
29778
16228
24878
16320
13150
8180
30097
11647
1509
14479
26825
16006
18107
6075
26178
6414
19114
9876
13835
20218
5697
29491
23620
6417
2792
26900
24022
29179
7802
2691
30372
4499
24437
7672
1546
647
27217
30130
25355
23070
2881
32660
10833
31571
4657
9977
27779
17494
23962
16816
27761
3832
21279
17692
22748
2624
25553
22500
7796
9469
21615
108
4930
1734
20625
12242
21820
28280
21109
15574
17018
15100
8078
2485
29200
25743
1227
2966
2378
17047
7166
14802
12672
9095
13974
3840
20360
31261
4180
15675
28221
13500
10082
736
4698
14682
1487
11372
26207
31268
27387
17402
23060
9345
6731
13902
29061
3523
7899
20771
5200
13969
4829
28161
13940
1936
27539
24685
12449
18290
29119
22034
3726
15465
26839
17141
32378
28741
30210
13184
26046
10354
6778
29130
27321
20603
2949
21277
1355
22383
23805
15975
23393
22041
20926
3021
22544
15774
14390
16723
2040
19390
32715
26648
22184
4996
11882
16717
19733
3808
3147
418
27130
26428
15998
28063
6549
28868
8064
14568
12984
13753
28596
26113
13306
25778
30272
5108
17468
32388
23914
10911
13941
15835
31788
11855
351
25721
22889
11949
16408
24451
945
17630
27050
3571
23354
26659
31158
25056
8785
2069
17792
5886
4872
22280
11495
20020
22464
32510
16291
2043
5772
7903
19386
13470
17983
26025
6830
25410
15998
27812
26518
32298
25287
4449
20726
31805
27419
1008
13752
32155
9086
1357
3412
27259
1576
28074
24547
24934
21232
482
2902
2880
14594
25312
32706
18803
20127
31152
3427
9225
27974
11816
17248
25363
5966
30224
14143
22681
20079
24109
22876
3499
14753
5664
15233
18157
8968
17357
25408
10914
13697
29340
27242
15284
29671
22094
19584
23299
10955
20768
20659
4546
6136
14391
1192
3419
12750
12591
13495
28407
23297
14134
15151
24143
26120
23966
24719
12587
5638
16815
23417
28275
18877
19675
18330
32130
12194
27735
10111
28621
18630
14985
13796
1231
6909
17013
28576
19874
16697
1274
22535
12127
3004
15152
1573
28915
6226
30974
2536
714
13700
20099
11487
17463
554
22165
31458
13368
3464
17479
23427
14540
17076
30957
21989
31138
9368
30673
23837
12459
20111
11338
15339
19598
20550
27316
25400
20168
21008
23610
32618
28863
31115
8473
19761
20667
17701
25774
12072
12650
1916
25128
554
13332
21117
28772
7924
26458
31874
5919
23602
2553
30840
28468
15573
31382
31914
9067
17169
31596
27239
20141
8473
12795
4974
12403
13632
8416
22667
16276
26577
17233
12178
1895
7561
28530
25962
29368
570
13923
27531
13241
29651
7792
12010
22441
20106
19842
22764
18602
18331
1925
29102
1976
25774
17932
9569
17517
29323
9272
27983
10208
9835
25453
4011
11118
20941
27407
20424
11272
16750
22294
17208
5670
1144
28407
3775
1557
29126
14318
20658
3097
19885
17251
13584
27485
29507
23488
6689
9821
22758
18343
19234
31481
12358
1316
10520
5191
16094
7179
8326
12133
23667
30810
1383
15536
18867
8983
23906
9727
18903
10670
17118
22093
5799
4511
25128
26343
26349
22463
7316
29099
21522
12288
7181
30642
29719
1118
5174
3902
31227
3871
5333
9076
7929
24133
11242
31753
31709
5018
9319
682
21058
20075
28979
20334
4624
22973
19109
28031
10336
31539
12131
1149
22882
5292
22548
8934
3995
13356
16403
18811
10078
11072
11210
3854
19996
22713
4140
16367
4526
29993
27947
15286
13406
27717
4082
2000
18232
6859
18410
5333
27783
10849
25760
4172
31065
14914
20696
19486
29997
3428
21003
18600
13268
5180
23036
17888
30213
23046
29387
27585
8667
8950
7287
6589
15610
25200
30071
16536
24280
7677
16042
20921
21040
21322
13667
19081
4429
3373
23858
12847
12660
32065
9577
911
11880
11610
23845
29963
22410
11658
9026
23338
25790
2379
28189
757
29174
18390
27108
21597
19634
18773
17036
21700
8099
29776
31081
15680
7425
23622
9431
18392
20725
21510
27396
6840
16892
15356
12225
20418
30156
20048
18300
701
22001
12347
4254
4048
18409
10680
5812
16321
6449
4669
22986
1775
8259
17106
32442
14257
10314
13182
3062
6246
26046
21399
26855
12555
20203
10812
7342
23532
17371
23985
17279
12433
30187
26166
24767
16283
30654
27209
5729
18970
19205
4135
24784
9782
8753
29130
16704
24310
24750
22128
16088
19535
11521
24098
23015
25711
9383
27021
29390
24262
29266
14837
16645
27879
11178
2739
17717
19744
29781
16215
9222
19979
28876
12081
3550
572
5100
6260
17005
24223
18181
23312
23938
19926
21683
17592
27976
26222
23388
30046
22694
27005
23801
13551
22305
31434
17989
30914
10813
9028
35
20705
27385
8743
19114
706
5283
22754
16878
14565
219
14676
278
25661
18260
3499
24878
13809
26207
13518
19855
30135
16379
1493
6246
27297
20953
30887
7834
4544
7489
29093
25294
30653
30325
8594
5099
14376
27108
21236
13390
26290
4072
14710
19256
31853
1703
26502
13011
19594
23597
29237
12732
473
31096
706
8088
14300
6607
8441
22756
26593
2162
24897
16086
7225
16685
21661
27812
10560
10009
8381
11360
3471
20315
444
2548
4164
23662
9934
11172
15877
6405
24267
21498
734
26696
24846
8606
20699
15318
10972
18017
2273
3694
26894
1837
13492
25844
14700
25427
3852
3593
13995
16979
22505
17154
15828
31649
2362
27610
11060
29930
10572
6692
28884
28565
13913
21946
24568
28467
30698
4251
19129
26349
26779
1502
17057
5336
25671
27232
11407
7808
21593
11378
10738
8917
13712
2640
29445
2573
2102
1525
11605
25811
1356
12122
3417
10423
20730
25822
10704
2143
21505
1089
21213
2728
27565
5396
32456
23699
14686
14433
29097
9816
2142
8098
11560
27823
591
30717
28880
15375
16435
5441
9049
1040
12184
15010
24763
9726
16681
9771
8345
18963
26471
32257
29728
5006
4630
28078
14893
17519
3165
9190
23564
20052
29019
30744
11497
11880
19598
18862
24968
18226
28892
10590
17813
13174
6923
4042
22370
18977
4518
19220
19117
15314
9807
26572
7808
22303
16854
10294
29174
6513
32312
8063
5975
16084
16188
15660
3186
995
15348
32646
31485
16724
305
8869
13097
29089
7779
29705
13906
3474
27692
31155
24408
32071
11642
21991
448
8189
12688
16315
30821
9520
5922
2809
4122
7874
24114
4257
579
21500
6150
21462
20242
29246
14879
32201
13984
16530
25315
15786
21455
30745
15376
16485
29559
21487
6360
20114
11791
20358
29479
11645
2424
25467
1307
8960
31861
23854
26972
29264
5316
11828
28355
21169
15462
17744
8487
16252
10898
11083
29432
5028
28668
14971
28895
10600
17952
22701
31267
12702
21665
8060
7778
9348
32646
22517
31388
4287
1211
6900
15713
9159
14043
18495
23373
4499
32491
23317
29434
5
32320
27509
26832
19771
11645
26640
24834
28284
11576
17782
28552
16407
10324
930
7046
27968
10213
949
11574
6526
3079
13398
11024
11235
1176
7094
27776
1790
24720
15085
15903
5864
23098
12031
15617
29093
10774
20588
19545
19589
8730
25320
23102
17374
24137
11097
3581
24882
14213
31462
29738
28229
6378
27296
18948
31348
8135
9129
11159
537
2520
9382
7561
26243
25848
32184
13605
22438
14152
30970
32480
30505
28210
5617
13610
22347
20110
9028
24305
1664
24466
6761
1813
7037
24065
11718
27457
11232
11423
14919
17098
16980
29308
543
4929
18352
10115
16123
29310
25902
13047
13985
4941
11379
30627
3433
2943
19660
13494
5863
26607
19356
531
23923
23683
6280
25244
1541
11221
27834
28245
5755
17391
12038
29202
30950
766
5476
4617
24384
8338
28414
4
26459
21931
26731
11748
4021
3934
13959
4219
12871
15748
25315
1675
21293
10396
30570
19289
7554
10102
32109
966
27020
3865
12042
28836
7136
19659
22603
8328
5577
17356
14406
7920
19424
17924
14529
5722
26726
20596
3575
9823
9096
6623
15935
20121
13398
31673
13416
17091
27115
19236
21973
17422
7360
22841
8291
14164
15579
1957
4721
8040
19000
10270
4674
26236
317
15096
12390
30979
30173
4768
31629
8269
15503
26480
10944
19094
6368
268
9632
505
30231
18379
26846
15154
12023
21183
28634
24826
24122
23577
10967
4127
6713
28575
7136
23627
6778
9316
31532
11536
22245
17544
15956
20022
13476
27532
3141
11834
19859
23865
2739
31046
19366
9438
2090
18102
12878
28214
20642
27338
17552
32486
31004
11722
32535
16685
8537
11644
23094
28155
4460
1412
14421
5702
13195
1718
2572
4358
14611
17718
18859
11517
15454
6344
31903
29435
26538
21060
27073
18153
5103
25837
10302
19358
28954
4566
4967
5897
7128
18255
3146
493
2971
24021
17073
12285
32327
10154
944
21201
30078
26581
17530
9160
31775
14601
19731
7817
16712
13386
1734
10111
8352
17187
1818
32578
28292
30873
30878
11643
20756
4036
32613
27520
5621
18064
10188
2177
20246
14044
21174
18089
3972
4004
27395
19042
25554
9127
31930
25176
6265
10903
1776
12445
2777
19812
5639
4840
8328
9720
23737
4466
4854
15930
7859
6584
1050
20978
20579
23536
19356
8862
21544
18340
6762
3075
13729
23943
30032
15338
12441
23107
7658
30464
12688
8071
19363
12418
21146
13909
5487
27134
8152
20255
7984
21519
11124
16877
1192
142
10689
16985
5682
8806
29327
16605
19043
22228
23971
19593
18963
18287
31894
13775
13080
7165
13650
13500
6290
11970
13498
27295
26171
17799
6624
16541
7913
13636
5797
25207
29922
19945
4956
26199
30088
14195
10134
6162
28716
2324
29420
22512
25296
22208
3368
2760
3572
14666
26079
15003
23387
28804
60
15570
589
11992
26
31881
18002
24853
31382
25923
21585
23836
27767
23476
7239
19822
7590
14398
5294
28535
4501
20505
5919
19959
28903
18406
31871
2182
6527
11264
18816
29920
13958
8326
6907
30273
27348
25769
5197
19105
13463
25209
22618
17782
16837
5637
4268
31492
29066
15427
13464
16147
14216
29655
9492
3421
571
18282
18546
31186
9907
31459
7140
8773
10289
27273
12090
19136
31489
21637
12810
20869
7819
796
8170
32534
6913
32590
13356
25229
5136
14721
7177
27125
14887
28435
24801
14859
28910
447
15059
28791
475
30460
26227
30486
9892
27512
14135
24221
8155
28685
29350
23166
26765
933
1805
28560
26772
11938
27409
12966
19361
10874
25126
5064
23529
31082
1147
9868
27608
24599
16286
8064
31442
21601
4033
23125
21945
10851
28667
11277
31865
4664
29392
2057
4759
22186
6805
5774
4407
16064
25630
18133
21997
31092
1219
9841
504
5330
7982
23413
27253
12051
10592
1623
6802
21025
26789
3125
7513
16235
18186
22989
28032
23452
22628
4866
1556
26491
11186
23145
8074
17589
44
26661
10624
11029
9212
1714
2514
27698
9549
16401
5774
12632
5337
3439
8398
239
25568
14018
15133
20067
26112
16331
11956
24861
12811
17220
20364
31934
925
29905
4030
26236
22984
11727
22377
10499
24023
26823
16106
21003
8132
25335
21968
21048
27804
17117
8602
10679
28088
7811
29680
8560
24118
3005
8350
31360
30429
2125
30783
15127
14123
32617
15662
4509
27865
32203
3287
11401
18919
17674
28746
24336
31678
25262
29556
30797
3247
14075
17155
21571
25499
29458
26029
25510
29792
1476
11821
12560
9734
12758
32711
18369
6777
8297
28676
20941
24123
11649
13497
18736
5352
27791
9775
12493
31305
30285
27100
30749
1577
30978
6836
28126
11196
16325
30913
31663
3116
29967
21077
20031
1624
18554
30130
2864
21635
22327
2773
18321
25441
16986
14687
5991
15457
15813
30633
18497
16365
5660
19504
9909
725
13238
11158
4077
27827
31815
29128
1636
13280
9337
15789
2628
1529
1621
13101
5043
4811
26900
22593
16090
18933
21098
26139
32537
27203
31001
64
2178
1107
17455
20482
3147
18640
27126
876
26260
25893
15675
9007
29038
20481
1830
7185
23225
14845
28575
13464
6162
23792
28080
30873
26021
8055
1294
26845
8792
28811
13713
30091
21850
25055
29965
30445
14050
24107
21356
30838
14166
25430
1243
16083
13804
26348
32038
31298
24898
32261
2900
4910
6704
2139
31696
28536
8866
30941
13189
29656
26613
25825
30064
23774
20972
17754
6220
22580
11492
19592
22819
1812
1969
23766
13210
18338
13067
3194
14361
19336
31271
13285
15307
7842
10664
19408
30189
20837
3016
23094
10651
32542
9763
23604
23253
24794
16205
32134
16688
2660
32708
1212
12839
20318
25536
9754
6338
9021
10411
28059
16324
3915
27380
9017
14175
5826
18032
29469
30419
4468
31998
15940
1603
10819
27926
18018
31833
18201
31529
27335
28493
11502
32420
25198
8236
13004
17634
18971
8981
19346
20988
31744
5821
5819
12574
30992
8455
1297
25462
12974
24129
28391
20157
15907
15412
15866
29093
27089
22963
1480
7779
20158
30506
4563
2281
20410
19494
4561
6219
510
12651
8322
8228
14767
32513
27242
28826
26503
16635
13933
2371
6962
32139
716
11429
22756
12946
19896
6121
32530
28755
31047
15280
15338
2779
1846
228
2253
17135
10621
26035
19625
855
22909
5334
9388
24222
20465
650
25961
23892
21676
6296
11580
25657
28059
3111
23343
1411
31058
7640
27778
28678
14800
15935
9547
25248
16646
24176
32644
4581
4381
5613
9837
18879
5925
15608
17043
17480
28558
9167
3537
12969
8253
11538
3297
19619
9439
17186
26339
26328
20126
26096
8680
3991
4363
26706
3581
1424
25242
24978
24341
902
22489
22921
24735
22406
5357
19266
19516
3076
6594
17331
8134
3250
18887
8134
21847
10394
24775
16001
6837
7851
19219
25036
5140
359
4025
29153
22747
12844
10323
25880
12195
31767
16984
12151
6460
29217
31413
21214
31066
9150
11505
29318
7647
32482
27593
10723
3227
19966
10711
22750
22991
11258
32102
7373
22657
2071
17230
18234
14370
26374
12600
20795
6629
30272
10333
2979
21127
16962
20083
8712
27674
28656
6920
28731
3555
15637
9278
10065
14087
17254
1659
20767
13174
1355
18225
26288
24824
11042
2964
26529
15626
2914
26776
11835
19142
8110
29285
7573
10922
25709
1483
15532
15557
20544
3861
23311
22630
5148
20020
31058
2814
11449
18602
24858
27298
31054
16011
7737
22312
2944
4168
25582
1899
14288
4017
22275
30466
5549
14159
14103
13140
6564
14255
30471
9565
17438
13037
32287
18539
624
23414
2340
17534
22486
31628
29745
7587
12155
12206
7114
6223
22594
22203
32048
5466
7891
26432
19400
32457
16849
31217
21196
26973
6140
28167
12364
19773
12135
5320
16402
11011
28867
20007
27290
6351
26924
28948
32243
3518
18606
16018
15368
20689
25400
30581
25420
13004
5499
31026
9385
12639
22160
1729
15064
19556
31552
5960
11579
13503
16130
11490
12723
3823
2733
21090
7877
18966
10337
28577
28863
1746
8141
10386
2682
14305
21900
29650
5020
2359
15368
572
9293
12469
27620
29039
20348
5739
21914
6167
4807
16596
28036
799
15506
9278
14143
30681
30347
23294
27881
32670
21600
26352
10854
9736
3111
27416
1123
11170
22414
20266
18059
31606
27269
29972
15338
12940
28084
4990
24613
31980
181
26282
10189
29859
29094
15341
12720
2939
5458
25173
10931
22822
31917
17925
31053
27632
10809
27167
25981
29384
25416
6137
25988
17416
18158
28855
32644
25888
30173
6478
19350
19377
19516
30536
4519
6524
30699
26504
16883
4362
5011
32424
7868
29083
24622
15728
22848
19847
15517
12871
9177
18143
5190
17233
20099
27326
11147
21353
27382
9301
29265
7891
12506
30042
23204
2865
27239
18999
6916
14538
5467
23749
16773
27114
7094
10578
3767
20392
4995
32232
13470
31272
21581
9429
20471
3298
25797
6062
16235
28201
19080
2318
24069
29675
8628
26516
7144
3584
4499
17801
31189
8510
14138
19714
2488
11535
30376
6439
18441
28637
20096
29106
26508
3405
18991
32395
611
15351
476
5590
4423
14026
16167
18315
2863
6399
22879
15959
9554
27149
11125
30187
21806
29144
10628
9168
29618
29614
5005
38
12916
10642
3693
24738
31062
18371
3054
20603
15555
29468
24131
31932
27167
27536
6913
27914
10719
13975
3377
5517
27679
21516
26056
22332
32351
31395
7531
150
18072
32674
4592
20774
12660
26691
21987
26421
26415
12742
26549
22351
29737
8123
6667
31250
16352
22226
24106
15718
28327
13575
23858
31407
8223
13992
23634
31836
26083
19027
19455
31155
19397
15526
6547
24684
23636
24322
26245
18509
12843
15198
10252
25991
24606
2493
25967
15184
18429
12953
21306
12469
22835
29704
25798
32364
9809
15912
7555
13524
18934
3563
28372
22049
12656
29689
18187
12618
5326
4120
8608
20168
10718
6137
26739
22810
31037
809
18814
30548
10774
11330
19434
4330
6896
8795
27463
26175
13191
1040
20247
21101
1339
4189
22682
26386
3399
8189
14432
25531
15780
29858
2242
20263
22270
14868
2572
12560
6105
14276
4277
6156
21138
2076
32184
14197
7588
13669
13479
32275
1798
23225
29366
3802
32091
23083
11713
398
32531
24534
14766
16908
4429
17465
24167
18730
1542
28372
18476
17192
12952
7347
20382
1032
25924
25864
32391
27362
10774
212
29199
2537
17697
14590
19093
4428
12711
28933
15642
6169
29527
2828
4548
28274
6280
23687
26255
10612
29132
6571
27917
4469
15642
26
3449
2081
20487
8219
24891
23675
11947
28219
21120
22378
29152
17870
24081
5151
27056
14186
30837
29772
1520
25894
28357
12465
16643
18672
18277
11047
3633
4083
9822
16382
9872
14521
3278
24861
32096
22586
29278
17894
9731
21685
13171
28568
2973
984
7767
10863
1011
27718
3394
4221
1203
29011
29385
25529
5118
27181
2519
22917
29356
5265
31211
10849
30819
30097
13338
25927
10014
4545
5308
9925
7582
28803
29047
26721
17823
7456
11004
9665
25709
19093
7471
4440
4623
26112
24698
840
3295
15856
14910
12691
25857
29589
23101
6509
5331
11650
5737
19988
18680
31257
15876
8790
23672
31405
22742
22086
25284
20138
13986
7066
837
18688
5835
24448
26541
16510
26549
22916
4063
18046
10490
25524
975
15837
23353
6344
5522
12009
7156
8642
13105
19300
4972
32021
10669
24736
13871
24054
12312
29714
2968
2855
7012
31106
11813
24885
14609
30882
4654
19622
163
4693
19218
13645
4408
9389
1726
27787
19050
20289
19142
15605
15669
20497
9803
14940
13076
7123
1816
26099
8059
13103
12406
8920
31002
2306
30059
21484
13879
21603
20486
19600
30942
25545
15061
612
23934
30036
20805
9960
22491
15047
12121
31837
6200
1669
20666
23038
5090
10591
19136
26670
573
18353
11459
9730
26816
24309
5515
17909
11828
23417
9338
24688
7921
30886
22650
24382
20904
13518
11911
23999
30138
25618
25910
1618
16857
25781
12858
13805
31562
8615
29326
25514
25535
28358
28044
29310
17744
23808
9937
12310
20952
27392
29300
21603
7306
29133
2751
23042
6686
23393
17942
75
19921
5052
16279
13426
5825
15308
19533
32727
29470
28659
29376
28186
1048
29364
18962
9804
9995
16024
10636
12081
5710
26903
26934
1810
13635
23254
8073
23640
28999
12349
18432
19637
31359
6139
4612
7494
1345
15301
16152
24264
18029
10773
29452
25986
29353
22141
10329
25902
12824
6302
7846
24028
14262
6271
4339
22352
32070
20911
19590
11528
2606
17691
24942
26049
9563
5189
6389
15840
24565
5903
9734
11463
2082
2049
7999
16853
18637
8573
16854
15947
1315
30977
16461
19979
23502
3132
30577
12736
12268
20030
20428
4506
6943
4579
20807
2149
17872
28908
626
17272
20580
17961
5218
21622
14758
31602
6109
1689
1132
19209
2056
12752
18431
9827
23180
8871
21644
15155
31917
15985
9815
2559
12407
4086
2119
12355
7371
24937
32702
27333
5812
29969
27035
27465
12799
20151
4482
26511
707
21634
670
17941
10521
22157
23108
32688
17392
18739
704
13262
16246
11900
28186
1955
8011
20487
11860
14166
25653
783
8735
17088
193
15639
23251
22004
30672
16456
25082
30848
15301
6935
6737
11467
13441
8089
8687
31686
30241
21353
22706
28569
10764
10667
32725
15029
30548
7512
19737
14147
22367
31399
17818
3469
14096
21244
16910
9892
3214
14179
8113
6933
9552
27215
22242
3123
24480
16876
31234
18703
18061
28894
31942
18146
7878
23568
5590
20276
24199
2227
4648
21719
19037
1598
2870
9018
1064
1246
7865
4708
16724
2397
2120
5222
6406
25649
21184
20429
27237
14854
16679
3366
16125
2207
3098
1114
17582
9133
8887
4408
1630
10691
17267
1327
27165
27181
31461
11989
12095
8480
25671
18033
11842
20553
26874
14704
30818
20085
12813
19765
9193
29065
2125
17522
5690
29391
32033
6323
29728
24079
26624
29835
3195
183
2547
26958
4364
26312
570
24073
17626
17
11482
27614
28442
2201
1350
18103
23896
17444
15673
28609
3857
1248
24901
16842
18606
21070
8782
28229
17262
22000
11466
15443
31561
30680
23611
18886
15278
19957
4852
12481
32622
11653
3032
19245
32740
20151
7555
22504
27378
1847
7083
1061
10028
10451
19819
19989
20739
3665
19624
23719
13179
20696
5207
17066
27291
1336
2344
12880
7496
14543
25003
26821
20483
12924
149
4084
14729
15534
5513
32626
15857
29239
11862
9225
17560
12343
19517
26598
193
27656
3700
15447
31840
15545
5304
24640
16458
27713
25202
11634
21621
23875
17519
6494
1739
32445
2284
11388
28279
26562
15179
32303
32110
2528
2660
16820
8540
12672
2562
8993
30960
18490
7629
6736
31241
32146
3437
29693
4313
8037
1878
8218
16338
953
12642
22256
7115
29305
21474
23903
10049
32278
11644
6911
2941
11963
5067
21417
32203
19560
11872
10390
17082
28903
22346
2996
14549
23314
32258
2721
8206
16817
20273
17731
29329
7334
23902
1698
6006
2024
5193
19758
32569
1098
25131
6756
21955
28357
14327
8258
25892
3984
19211
21926
2054
7913
24732
8550
8759
3634
23732
9821
411
18550
21539
18834
18725
30265
31378
19958
6992
7402
29526
22535
8474
13080
19814
22061
17954
30475
18533
10581
4659
32281
27222
31713
27673
3984
27436
31660
18772
28373
3337
9856
22968
15589
7598
1784
7641
4598
5923
8816
2701
23722
9038
28477
25504
29943
10199
29963
21331
9546
30018
14291
29676
13646
15839
16547
1086
15943
5821
32206
22439
16752
30325
20234
15814
7600
27474
24652
7542
6736
7113
31022
21166
18746
4636
7417
1579
959
21863
16953
12677
14734
26637
1897
21011
12859
27941
7352
28759
15920
29707
8633
6560
9378
15104
28756
13548
24742
7990
15605
15327
30803
27253
5778
21543
25910
15350
10191
3421
9791
27612
9493
8960
10198
32312
4635
4564
14160
1071
31738
5006
13256
10094
27544
11069
7893
3543
11950
22711
5213
18622
9346
18612
2370
7405
32215
27385
32096
7675
22124
16319
3558
22906
14536
26816
2481
9158
31722
6761
20997
553
31988
27877
28289
11125
32124
17588
19427
10745
27133
5569
8646
20275
31308
9199
29742
25450
189
5975
4678
18644
21295
16988
21597
11170
989
21279
12254
19945
7795
22965
117
2052
20605
4070
8810
13194
19194
9999
10928
26835
17759
3143
11733
15453
22809
4743
8098
832
28444
17985
25051
4949
12230
21857
6446
30066
20457
29290
21486
5546
13450
26859
30461
10009
14684
15667
16838
11921
27845
10440
2767
30943
20166
4302
6943
10023
3769
13070
18234
30064
26257
14888
4383
27927
2262
12481
16219
22121
8487
26502
27105
29310
9697
20773
1508
20419
11238
6962
30387
27014
5208
25201
6684
13381
18076
19651
11129
15933
14243
4691
12618
9564
16914
5005
30134
20770
18834
210
19205
8448
19991
21649
4553
5360
29345
28683
7921
24583
3486
3750
15561
21025
8075
31565
4708
6008
1890
32541
16792
29358
31389
24573
1145
20304
10647
31134
32655
22661
3941
748
24329
8526
14113
28032
10599
24889
16147
31857
31505
21036
5334
13139
6839
22896
19517
5619
1789
22492
3406
23802
17075
17033
25687
17204
15713
32566
16821
25310
17028
27897
11656
16909
23201
938
7732
10432
32205
2536
32565
10998
24567
2913
18513
29854
31715
30335
3054
23789
21099
6753
7662
4668
6177
9088
25354
20278
17460
12074
31553
32186
8179
7041
20648
29557
5892
23365
7780
4052
7425
19064
16995
29346
1466
19031
7901
17961
10767
18673
30559
12122
9215
18981
4039
25135
20729
3461
25114
6145
8790
1567
752
14643
4196
1801
17031
29513
17667
18642
17293
12281
18325
16891
7923
29070
7283
13801
16121
31863
26355
23457
25144
28044
11639
3861
12787
26664
25522
9580
1463
26347
22528
13948
20719
28021
3369
31494
19862
24880
27312
16671
16882
10947
589
28081
15828
29051
29155
2998
24178
17804
9698
1866
3745
26025
28829
25735
21444
30754
4040
1932
1658
3915
20961
31934
22673
9346
6653
7706
16539
23798
246
29623
19931
26300
18367
17327
1587
3190
14095
28353
16899
16776
25956
29975
226
24650
11495
20452
27746
8033
24401
12892
11526
25356
32443
15899
22501
708
28320
17579
4686
25386
12606
20868
4920
24583
23024
28022
26899
29047
26079
22037
23799
15181
10463
16726
29450
19739
27927
14145
25196
17677
18602
4375
28076
18268
1288
18201
18264
20410
16513
25485
9465
18879
13069
13166
19775
6399
13304
8865
19702
18692
18114
7010
4294
286
4651
15882
26760
3966
13536
22526
29592
27354
28683
9815
9221
26944
6287
10808
26966
7825
11344
8862
10777
23722
18854
8440
32268
10966
7068
9075
6519
14797
5706
10653
3256
23865
6975
21902
25040
27430
20091
23916
15442
3491
2353
22200
28308
4667
28692
16010
31210
5831
16300
3939
9727
6791
25000
14055
17988
30260
21235
21384
25322
3406
19148
19360
19841
11905
28613
3388
12278
4284
14419
5992
24411
9734
22775
21369
10858
7401
23277
15964
32349
23750
8889
28586
4972
4402
20141
11737
23727
29661
27144
29802
13825
29805
31237
6861
15593
8469
26309
10242
26705
19065
12958
20733
19822
18703
22266
9498
3774
2468
30369
1483
13527
6796
25029
13359
10038
23148
10479
237
9695
9544
12403
56
869
27679
24246
3497
29024
1781
7229
26891
30749
18639
27901
18179
11482
26830
28471
22012
26772
13090
1169
29035
9215
10308
22246
2867
13284
14459
19169
13405
27594
9542
18171
9277
11100
16898
32322
9855
3499
20641
10945
30298
22550
3839
21535
16066
24870
13563
25516
15618
30300
8978
24462
23786
19097
21737
13212
4899
11601
21190
28373
15395
13680
22687
20797
23451
10598
14592
28244
16899
16504
9655
1315
23406
24604
32703
32609
15499
12976
7062
19959
26674
25488
1729
4482
16806
28458
20198
10861
11574
19529
4732
27800
662
15988
16051
18243
10724
24540
19952
14970
1514
25607
7575
28680
11229
15057
2522
15979
23138
5706
27014
16632
10065
25681
17335
2312
30036
3989
11446
14473
28682
21037
7977
5911
3850
3777
25114
26407
30136
919
7218
27077
28560
15814
6143
7060
17911
31033
29900
18128
16020
5344
2876
2670
13960
28944
11351
28432
2210
28857
5507
3947
14922
27789
31586
14837
19567
12841
26945
18103
881
10115
25172
9326
667
24049
13740
23805
13672
18013
19815
436
12896
21265
27981
5272
2304
8743
21631
7298
17871
19991
2501
7795
25929
14545
16734
14138
28663
4100
18194
1295
4017
26700
9904
31088
6030
7988
28923
2103
13778
15078
29296
31074
22669
14552
32024
26584
13188
11126
1581
12246
20306
10606
19431
15498
6051
26573
32664
17635
32686
25297
2952
7227
2578
14327
31753
17452
19065
17992
22156
27018
21874
20673
16704
26360
1047
14624
18788
19537
30496
30734
22035
17084
24184
14938
26850
29124
14302
365
13678
19087
31008
20439
21594
21209
28604
18820
26159
12807
2449
16789
24026
24380
14274
30398
25185
24571
11968
14704
17150
2947
27590
26055
22597
16311
8707
32247
24799
24829
32522
18509
28608
24344
6132
7874
23958
19897
17933
7309
24223
26635
17354
2258
25057
4903
30735
17455
13877
9216
4029
6531
7516
20977
19171
8422
29905
22464
15562
26239
28629
20856
11107
15708
1431
26163
15503
4419
12865
16761
13616
10470
31008
18566
14215
7332
14782
21599
11303
19591
24973
2631
21069
23274
20281
12480
23049
8120
23649
6116
25690
10987
30253
22658
21224
17277
29880
19987
29367
23220
31991
17449
17093
10816
10340
22699
24873
9793
29004
4305
1772
4863
31313
3934
27745
26799
13116
16211
30093
15926
7384
7906
8088
13970
350
8975
22025
25379
24147
27912
6188
14263
30862
16105
11387
3013
8875
17970
2492
14089
8647
28386
6908
7728
21532
702
5428
32498
18575
23790
15139
31140
22005
29394
9561
14538
29838
24414
29242
11767
9111
32541
9037
9681
178
32649
25267
29625
26205
3320
30093
10288
27240
1810
15693
11190
27868
21613
23535
12936
5000
4695
21633
19504
3576
30398
23309
21641
20790
18069
29854
17009
8792
17342
2486
15120
17028
27182
8995
28444
24242
15516
13011
6741
2317
15766
2002
978
31089
672
24138
6303
7745
4980
25088
10387
9782
71
29527
28673
8124
18020
3229
28543
4526
15180
18145
7592
3394
19175
13166
15689
10316
24101
2119
5414
4814
15358
31763
27906
4692
10069
7979
3672
6461
24811
1339
5552
28610
3389
11443
9285
30739
19105
16009
30751
32402
1229
712
7059
17117
18264
15307
15251
30165
31132
970
18177
19620
2770
17879
16303
42
9721
32065
8303
7176
2501
2987
27188
24589
6476
12300
19684
10853
9965
30272
30466
26758
23420
22653
25138
26784
28756
16803
28905
5289
15283
10496
25746
9227
19250
7610
6589
10353
30980
18864
4819
1491
3335
14670
10298
25984
5007
3945
14223
1956
8274
14793
25135
32299
13431
15573
21998
22479
29568
16943
14712
4458
15193
16375
10356
18329
4217
19411
12855
6683
8094
32419
2124
32280
23386
13124
30946
23585
29752
25731
29618
18997
5856
31732
11930
31207
31828
1281
2518
3650
27888
27932
4673
31913
24425
17342
29390
24489
22999
19028
19687
14889
11063
5625
18968
5434
30889
2669
18430
8756
29230
3947
16923
7823
20306
3836
5071
7813
29897
3375
22333
7947
22729
32550
1222
20354
25662
28941
2299
26354
11255
2088
19967
4181
27949
32726
12172
1314
15804
26121
32675
19667
22701
5414
9366
19412
23722
14113
28551
21455
12871
32552
5473
17170
9442
15548
12958
28732
348
29920
29981
9006
19100
19345
28078
13225
17519
14677
9649
4575
14814
20063
25558
31897
31971
7758
3466
31864
10709
23891
18772
25401
14747
14586
28930
2489
25185
3232
288
22250
12037
15128
1487
15793
4675
13518
3018
22307
2834
793
22250
2635
13433
5969
3620
21051
21397
5558
12192
9951
9030
25031
30261
21623
15760
21385
25611
10615
5981
12929
25849
21001
3047
23837
28078
31765
29118
24759
9064
30295
9212
14322
29328
26789
20153
27400
2374
809
9915
26369
28000
5628
154
3743
23616
27169
31884
18747
19755
28797
12414
10661
19925
27429
25262
12413
786
6353
989
11102
24194
8716
10365
17283
5265
4918
17707
29835
3262
3630
27427
23886
26832
4593
11829
10884
22074
15954
15925
15506
10104
21843
4765
8064
12791
27507
20401
30090
8088
15322
18691
4779
18836
27863
13813
14550
19731
15597
20827
10854
22650
4114
13840
8655
13075
10417
22247
11081
14142
32586
28936
24270
25103
10102
19554
3674
14813
116
1671
9724
8146
4934
208
14596
10046
30666
23405
2312
18449
26112
11126
14659
12403
14392
21207
23144
7180
5789
3462
2188
28245
19469
26628
30349
22451
24575
26600
30699
3043
150
14252
25489
733
3052
9146
2024
25566
7941
10045
23008
5376
31887
11243
3729
30794
23872
30852
26712
8701
20262
5776
11858
18978
12545
14403
1642
26223
4667
23641
16382
14299
20431
5668
1711
10757
10752
31919
29323
10555
18010
21672
31860
3687
7488
3336
797
28399
12707
8057
18129
294
9583
20942
4014
23666
17552
13977
5022
10035
31824
8079
9997
17076
25671
32018
19707
14439
439
25275
22659
4634
17907
6528
970
24967
29663
19611
9657
2618
6233
30471
2459
25444
5352
17392
22873
32234
25543
5434
3231
17783
14301
22455
25831
21017
27371
13668
10248
4748
20454
4764
2136
32227
30443
5057
31600
13816
15364
11671
9687
29323
6513
31513
31668
12247
10737
16431
17494
29090
3835
8534
20416
30424
2711
11500
25419
30732
3097
23400
11239
32268
12962
10348
25134
1093
24563
22324
15912
30021
25002
22954
24106
7795
30393
10703
24047
31353
2682
12782
2195
10434
26205
8376
20949
4797
22249
15067
6282
7822
20532
25715
7637
24881
478
14652
6757
2252
493
6928
27772
12948
16855
8935
32585
3655
24667
22807
17813
5063
7842
1621
28550
9766
18089
20329
25805
18926
11418
8803
549
4919
9300
17534
8913
8847
18444
3257
7219
28296
17551
1945
872
12862
2872
25949
23115
10186
18812
11356
6917
14423
22873
13816
1746
507
1466
32078
7764
32318
31075
15152
16241
13019
32466
13253
3648
10410
23234
30403
3147
27567
772
9149
4851
4469
16063
2242
19304
12747
23770
10776
14419
24707
8447
28274
29405
3427
20271
19401
24181
14888
22940
25953
19506
13608
9213
5227
20620
31125
4945
20760
27510
32054
14473
25272
5330
3553
20552
8711
17562
28608
4467
29051
10216
12289
22529
23561
24959
5649
8463
2906
30264
18535
2254
31526
23361
6216
2727
30742
1480
31379
10091
5357
22842
31350
19729
20917
25352
27967
26423
13567
30781
23918
24348
4107
805
1414
1406
4937
7316
18923
26717
14650
28228
27555
29274
25184
20775
11391
24786
17811
9288
20405
8643
5262
30325
18635
481
25960
20103
1286
16151
5632
9137
2688
4907
30529
28925
10853
7650
6823
15521
15019
15816
7425
28027
13833
25119
15935
24253
16331
12365
32367
19273
23417
31400
21761
26623
12082
32303
26546
21964
25088
10298
27517
31218
5678
17676
4652
17565
8754
27532
5152
31608
379
16957
1605
16287
235
21772
16611
15312
27013
9038
9378
12685
24172
20655
1957
31049
18924
31690
1349
31620
4081
10330
20397
11843
19162
27370
31501
15364
6748
5993
1757
9942
666
7053
10805
31726
1123
27085
7422
445
30208
26905
16419
13306
14027
16711
9167
24319
7710
5043
31544
15656
305
15161
4646
7878
22962
3661
20734
24232
31187
20885
18635
13050
20728
4368
8512
19398
3824
29026
6004
9748
29229
15007
1168
1086
16416
24928
8305
6565
19820
10939
25782
10655
5711
13120
6527
7967
13902
8372
11658
31765
4264
6653
2116
27989
12761
18493
1200
20799
23834
8133
14582
5430
22322
32539
5836
30570
21222
22026
19890
30776
27038
32298
10388
6110
17842
14880
25838
25363
4688
28732
14929
19085
26531
10491
30118
20253
16499
8531
11340
11729
4367
23686
8106
27891
22036
4277
29341
29847
25637
3350
20115
15058
26690
20573
1777
32134
25398
29042
11756
2347
30979
15424
26281
9637
12276
30716
3326
28659
12686
13298
3063
10483
19009
13166
28866
22324
17233
8478
28751
899
17683
5554
12942
21828
13893
13664
18139
25994
2000
13142
10706
17742
2817
27123
15676
27881
21186
27164
32665
6274
14117
27582
12625
30389
23821
25885
27173
1164
8834
15924
27220
31535
694
6413
12084
20921
27541
32661
1006
1734
6441
29459
27512
11112
22986
22789
22952
639
8407
5317
15798
29980
1030
17664
24919
7786
10836
6059
5128
18145
20985
30370
736
20615
25984
29430
31185
21335
7880
19539
7152
31396
28992
15803
25818
6662
25453
22594
32289
27066
8762
10320
8214
26721
28528
10563
22019
320
5917
10055
4753
19470
22118
7806
2443
1273
4343
27259
16648
14555
22706
12420
15477
5056
9744
23234
2226
17652
11808
14898
18704
1483
1490
30887
12709
32215
14522
27637
7147
224
9271
5847
6006
30846
18033
13288
244
13590
17226
2699
18037
24381
10253
1348
4222
21630
28964
3241
3097
24546
997
2487
2736
30801
12546
9703
6423
31888
27365
26379
4065
17942
9688
8346
29599
25037
22109
25516
17503
18235
13561
6802
6220
1104
21778
21634
3606
1460
14146
29075
18476
26882
20009
24238
15025
8202
28493
25845
8840
6598
24653
14234
31892
10089
6971
26311
18630
26984
936
11748
19794
14886
6260
14108
27387
18782
13600
26021
25592
27969
12292
1011
15273
5031
4451
21141
3546
14175
16887
26669
26911
19323
26171
6781
22577
12220
9795
17451
23313
30512
24747
10899
6458
5021
14774
2681
4808
21964
7767
27172
1836
9400
11645
15131
11403
21219
2229
5407
11174
4887
20383
26614
8363
15136
141
26864
8704
17650
8984
15564
699
21525
57
28233
12039
28425
15853
9554
7537
6587
31544
18987
24737
4084
981
19433
27055
1071
24971
8413
995
234
29668
19305
32576
22571
19794
13623
24581
28299
24523
3718
15789
9403
320
3778
17614
11292
786
30548
3021
12448
32332
4408
6873
29631
4331
2402
11383
14848
5950
4062
17493
17959
28420
28908
18144
2750
2159
1845
15524
15429
29682
25006
24866
1045
14951
18306
1386
15723
8078
26572
11116
25583
30136
31421
3967
11379
25587
25938
6750
9841
28333
4170
28243
15956
13692
5848
28434
1602
12088
14610
17466
19642
14410
6578
27461
15881
1460
15999
30232
5906
474
3652
4150
19891
16105
7876
21772
1174
1309
4335
26277
9693
4583
30980
3181
6603
24486
25619
28294
15371
17429
29660
17090
29699
24151
17843
29906
10768
11297
26805
31774
15697
12314
2854
11789
6960
23083
16003
27750
11129
23848
15730
5102
27007
19393
32333
2050
15451
14684
4278
9400
28153
12833
19490
16756
600
10242
12591
17078
9683
29001
3791
610
29488
10180
94
4714
28550
7759
12554
3711
19424
15633
31935
21974
16919
25469
1635
7912
15338
29077
11939
25478
24850
20681
32407
9316
10922
16189
5271
30637
12237
16127
29121
16143
2332
23868
10741
15870
26189
3142
28632
6644
17048
1447
16899
4770
2691
6249
7704
30986
32530
27146
4660
6366
12329
1902
19635
26658
2381
11680
26103
26086
8681
28911
3949
6456
19333
23412
5813
7767
13879
17093
17285
8369
29983
28462
591
1233
12901
15738
3459
24072
31687
9936
23243
6225
15991
4353
31056
32605
19087
29703
18834
159
3112
16450
1855
11890
4484
910
200
10101
29615
4583
4184
5519
18494
28936
30013
31943
26816
29937
3216
2775
5614
24057
7040
1212
19008
24488
25932
20608
29022
16953
8834
28102
12087
20283
7887
30839
27509
27766
18005
3447
29563
11971
17133
6641
13997
18758
30095
17001
26265
3069
6058
10077
7681
10042
9143
23010
8052
8283
19499
21327
15844
20096
17239
14236
5913
21720
26242
4807
29085
25229
551
7728
19801
1816
23763
27495
1969
9300
463
5816
22935
30289
25686
23576
28596
19331
26563
5650
27209
24195
8368
20111
13352
19790
16059
7760
21952
26735
32294
8261
12995
1855
17477
15053
32419
13541
8495
29010
9661
25746
23789
21882
28320
27090
30167
1980
12430
13477
2442
961
10721
18335
2438
13728
17073
2269
22543
2467
23987
27989
31127
20696
17110
4262
27286
29046
11498
4621
24919
27258
5394
2554
20196
14036
31870
6698
20936
5325
11916
31982
286
9005
17127
3806
32216
9759
2339
6346
5133
6791
31909
7798
25949
1807
27016
10541
6531
14056
2202
27636
26997
15031
2653
14777
1362
12524
20093
5232
21699
28486
24255
7883
25954
13308
12847
28865
505
1412
16093
14781
26978
23741
30241
14842
27464
7610
28916
28460
21650
16411
20375
22306
3370
22668
8539
26068
5151
31111
3850
15044
9980
6713
31729
17512
21674
24287
24407
22207
1019
16070
14751
17665
4442
6266
15904
19684
5911
19855
5178
5259
14090
31710
28641
8931
21541
23241
13173
5320
5660
10159
21074
24564
20705
25961
17728
14160
32088
32558
3945
6878
22613
8183
5157
18474
30831
17407
21419
7858
15123
13001
3613
7776
19601
11387
18994
27872
18124
9771
20066
18726
28063
30024
16613
790
28607
17135
23742
28683
18048
3211
30578
27480
22149
22502
29896
15537
20221
5441
15233
15609
29874
29383
18342
17549
2510
8530
5275
21708
23257
15100
19143
2360
9513
8382
25174
11051
2654
15576
17941
17858
6273
9340
28465
20027
5545
5055
29728
24471
14801
13188
6831
9999
20790
430
9928
29032
25860
4221
23847
20472
32761
8881
727
1694
28669
28310
2008
25277
1438
2760
1317
15835
17837
13334
17322
17670
18722
15531
9124
10500
8912
2303
28982
6558
4681
2053
31989
24913
3772
4206
11389
7417
19563
32141
10480
26093
19148
19229
22238
21381
14623
18323
23710
31641
4838
16787
10699
4172
15672
21870
13380
25571
10649
13430
29863
31311
4772
26714
5581
25176
19032
12688
18555
22340
18853
12353
15936
9811
15435
3068
29633
515
9179
18152
11439
20419
24636
22005
20746
4943
29619
30729
15633
25994
13346
6880
2760
25445
19115
25823
26027
13278
26301
14311
5851
10967
24812
12679
10596
10547
13782
20956
19544
10530
16583
2789
29076
26680
29071
1706
5643
22440
24707
29533
8667
25939
8023
6403
25641
20317
29966
25866
22618
1582
22256
29871
8141
10187
26622
30664
27906
22984
5140
2571
669
13785
31604
22974
25156
8092
22319
7974
21816
12513
18008
2243
6603
29761
4030
21785
14037
25741
21351
23350
16292
6693
27315
16383
12447
13825
19880
1722
32371
29890
16271
4115
30538
25288
17584
29533
12042
27883
30332
27268
23910
23
13126
18866
22026
5276
25105
12393
6370
24776
4829
19011
25083
207
10027
4705
7766
10427
26221
7422
15450
28649
27998
28514
29822
29660
18210
26370
24614
29478
12933
7469
628
6039
7525
5472
18530
29072
15335
22764
31513
9468
20673
27445
10519
31490
16250
15997
10321
29244
22819
450
1353
443
32699
17637
30807
4587
15343
2270
21613
12520
13480
24173
20456
16005
8050
13916
2517
14037
15434
31467
17305
24782
16179
29397
28818
30986
11619
19121
31465
30573
11157
29282
28254
18699
1707
16554
8085
18003
24405
1976
24556
20493
21812
29213
23446
21620
21868
8244
24901
2118
19550
4770
2156
24130
27067
30545
29842
14909
27111
27317
21010
887
28446
12294
6632
5287
24727
18302
12346
5795
1362
8844
2693
5455
9223
572
14393
5389
22839
19729
27155
6534
4094
24026
27184
27988
6640
30170
24670
3230
17897
6458
15349
23397
3410
11585
11776
19183
31475
13459
17449
16431
20027
32297
28300
28646
4399
2193
2069
31655
24377
15196
23228
26014
30299
28048
3769
28572
23567
30792
32003
11395
25291
20870
31642
29128
13459
23477
27438
29052
13019
15126
5064
5048
31586
6872
14194
10538
13704
22606
12184
18160
29437
2903
27515
1695
27297
22415
15269
1003
9129
23222
32757
17453
19212
26908
2944
14929
25786
6576
25352
21694
21933
26585
24732
28937
25528
27119
16469
13360
15200
18349
10236
7304
21457
15553
23784
11581
9361
2069
4363
20974
4146
12581
31149
2926
10991
2391
16447
7540
7092
16331
20179
20378
16822
17133
32752
25241
2149
895
21167
7534
26386
31120
29153
19613
29030
3192
7835
14455
6436
13165
25612
30155
20911
19735
25674
1862
10515
18694
2860
3080
8736
20109
1567
13069
9926
4420
1389
22823
18797
31720
1261
6741
16301
18210
10228
13718
2162
29204
5573
27952
2860
26518
14724
3015
11601
25400
21040
27010
24344
26135
23791
13030
30703
15370
5482
19913
26325
13902
3518
1888
14931
22917
14610
14583
22410
18805
12680
18346
24397
15756
986
19923
15345
15840
24727
23515
8720
20725
15529
4193
29245
7982
10290
20106
24843
24962
29889
5081
5797
13728
10544
23927
5811
10816
15191
12198
13557
807
5438
10368
8854
21713
3367
4593
15315
11401
11618
9568
11604
545
29315
9773
19459
11589
1075
7860
4589
2306
24157
26171
7773
21645
26194
9423
22245
14651
203
19600
23242
10747
27549
30422
25034
4467
24442
15841
23274
30817
21390
2727
12175
30352
9909
24801
29383
23890
28521
31235
31810
6915
17736
31369
31276
23497
31894
15250
25757
25706
1520
1379
28947
4223
29111
11803
11247
15933
30909
23137
14758
18024
24827
7325
28895
26563
7930
25030
617
18916
12843
414
15246
27657
27636
25231
6893
30985
5870
28757
28556
4665
19808
9962
3498
12201
15304
10767
19499
13528
3482
19511
31086
19824
22614
1640
17837
3704
625
13588
17637
13504
24897
29897
8645
10826
6887
13298
26298
16547
15979
32185
25083
18213
32363
9393
7385
20600
2004
19045
9835
7016
4116
19405
3394
10171
27585
22793
21325
2131
18496
29072
27386
134
149
9360
25582
27459
30541
20427
22941
20268
25828
9737
30067
23394
9144
2209
27129
21906
12363
13927
13308
16943
22062
31959
10837
17562
22381
30462
29857
23933
17971
30767
25798
19018
17859
1884
26312
22881
31145
19021
17955
2844
3986
28378
26452
20601
2525
675
18453
9448
16037
16523
8241
8491
24714
9709
22712
31248
23615
8157
16053
9800
24412
21429
23140
9025
31430
27804
11107
413
1125
29279
13826
1640
8619
31917
19838
18150
15885
6203
23171
12626
7684
27165
1280
30134
16647
2094
9201
13938
23147
7160
9569
20676
21170
14420
17555
27216
146
20578
23490
16665
6776
31040
27320
42
18186
3724
2795
5049
11437
29745
32141
9265
28115
1758
18338
43
8545
22239
27546
20995
3098
2042
16360
1642
10673
9037
9549
17851
29104
20226
30588
21193
13835
14887
32297
1593
32458
6572
25677
30265
24568
22057
20236
9999
29800
157
5429
24952
27088
20238
21515
153
24578
16522
11673
12725
18170
6798
24686
15546
25833
14513
8286
32011
16147
8670
9027
14031
17899
1295
13496
28032
24223
8772
22278
19774
12707
15068
32601
6355
1966
28462
22256
25399
29711
28137
6767
9158
5367
3157
13396
28960
20445
17706
1796
24395
8689
13927
1689
8742
25066
1309
16952
11807
10858
4292
20562
7545
4491
5749
14547
8519
21518
20153
29676
14774
12286
12181
25520
23043
21619
20175
21110
30970
2468
26438
30593
24479
1557
16029
20231
19480
19305
5964
12917
14262
24274
32169
4408
15235
16114
5423
29227
12126
6755
5584
316
13404
32762
26594
23694
25525
2883
16312
6163
22570
28015
16550
1533
14444
9373
2512
15954
19904
14537
7613
8018
2721
28588
22609
5134
12745
5653
7526
22093
3774
16158
5337
7250
25983
12101
10146
13000
26540
4831
1017
26305
6669
7471
13640
23374
9730
16115
22371
29124
5914
18639
6873
19343
32139
1984
13082
8154
23295
14136
23974
10024
8139
1612
31777
14970
21288
25293
14786
29509
18907
18180
26441
7454
2840
25639
7986
8612
13375
13681
24183
17105
20642
19776
3319
30567
13078
1895
29438
4338
27588
14667
20563
31310
30020
31288
13183
22903
10416
13270
20199
11964
28922
21592
23506
12128
4729
14745
8713
4383
11309
15868
30078
18354
23797
13700
27125
21810
12153
9015
7994
16795
7229
31878
24383
5528
4583
29197
20972
20515
2143
27284
18706
15948
11301
9988
6599
24578
11190
25437
7861
7282
8611
15017
23011
29706
31344
6467
15070
7680
3614
8855
20708
4778
29112
7437
10065
27581
17931
14448
13610
16143
32015
22733
10049
10273
14461
31061
24334
6238
79
14470
18178
15751
8421
12377
6055
22914
1235
25352
22407
17984
22339
15974
17045
5157
10318
1418
23583
14590
11590
21030
14689
8486
3020
21624
4359
9236
26311
612
20185
24905
8539
1026
20799
25112
31808
23899
4352
2157
22234
6880
16945
21084
30111
8087
4
19934
15485
8659
19351
16314
19468
25778
4289
31815
25967
21085
567
16455
24848
17575
29001
31678
24873
1846
19419
30806
14773
28685
9725
4194
19430
20727
8996
19288
19450
32210
13732
10266
5327
12679
407
9495
19786
15602
15134
12782
14406
8376
5756
9674
4166
31904
21264
6517
19684
7330
4363
7043
8330
23928
31778
8419
24983
10302
25686
21366
27345
24088
8266
29740
19316
15024
2957
28062
24588
30147
7574
28616
8620
16852
29948
32055
8668
12150
17675
13698
17964
31360
23138
24724
26357
22517
26125
18935
31086
261
27910
23249
26101
29020
7367
5401
6120
7263
23581
6620
13595
16034
14889
16479
16301
26287
23544
29525
11626
22929
15336
3328
15548
5477
29819
17110
32697
26056
27406
23758
14955
17310
32095
29699
18990
4906
22413
18482
22666
16720
20159
25342
7323
16966
1891
15282
25256
2458
19565
23989
31309
15685
20420
14242
2055
8923
4753
12421
1991
6087
28366
27744
4786
19199
10774
18622
13015
26686
7242
3514
15433
29322
19289
6011
17325
11589
26610
22489
24300
10452
21934
32596
25928
20838
23495
24672
24791
15369
16928
14195
21463
24561
30956
28173
22819
28509
30728
11891
32638
7474
17805
12674
3126
18939
2536
6057
4624
21682
16975
22946
32341
8497
271
27965
26144
20466
15822
7696
31472
8273
32394
20900
7700
2069
7328
31290
3843
12496
6114
23274
10635
17677
19553
29580
5421
17693
30231
29281
10174
31936
14421
25908
4598
10421
23927
4900
13633
25770
13822
27655
16049
6123
25777
20978
21426
18543
83
11510
16789
496
16822
14573
14804
22513
30707
20650
12661
30609
13033
8613
31373
16223
32488
11950
9132
26933
11025
22536
4440
31670
26222
17082
8877
30346
1692
28840
659
32329
1355
9880
3006
12920
12454
23771
24136
20917
11565
27420
29274
24005
15951
26419
5077
4825
21908
19140
18378
15098
9946
25302
9467
12354
29379
20573
9555
15869
24337
30759
26341
667
3905
11355
14241
31205
15993
6485
8074
28803
24150
4916
27091
20365
13520
18741
28162
28792
7721
8036
3760
32604
30286
32517
3138
23330
16339
20870
26248
24776
25916
4483
6339
8361
27652
26886
71
8725
8006
13265
13967
4991
6838
28656
5151
4811
13603
11985
29251
6951
5216
29779
5744
7016
13061
8506
31338
16749
21310
2504
24909
9422
16459
12576
22995
11430
23325
19847
29491
20967
15626
14663
581
14686
15921
18338
24932
3589
25555
7381
5666
1544
9589
9167
15468
4727
5708
3043
32630
25376
21269
23638
17753
9703
6926
9052
748
14930
13674
4497
29198
30685
13137
29381
7467
7950
16622
26759
24403
6927
3807
4690
6438
23328
26574
27434
28409
16602
17616
5081
28108
27073
9594
1188
28859
30854
6039
14628
4524
29596
13502
21567
21568
21690
27341
31258
4853
32335
9967
12656
710
31140
29012
1340
25199
8688
12952
23410
7931
13935
14902
1284
24535
14073
12344
28420
2431
27738
25307
5275
22049
3903
23427
23734
10384
9762
21759
28268
13870
27741
4021
14938
4444
25101
5879
32521
32352
1558
21860
27146
20868
12616
21695
9972
23975
4917
14447
12618
14148
28393
26707
5558
16486
26467
31837
31425
5830
28986
18384
18656
5587
22658
26079
7445
11040
14263
24540
22872
15412
15853
28619
8524
20859
14408
231
24967
8848
31817
25128
9062
31973
3635
9626
26333
20033
12354
25027
1909
24908
27979
31027
20787
4856
10947
11983
24028
29732
23516
9229
6790
27556
4400
26893
28971
310
21955
1280
392
716
5138
20478
6156
12821
6993
7692
10639
6341
20156
5540
1482
1742
3680
6857
12899
5731
632
31296
29696
24100
8223
30498
29269
14982
32661
1968
8148
19481
29215
27869
7496
28951
12044
25275
13642
7424
27928
28265
17147
498
20231
18692
25410
980
12257
5499
12099
26160
5360
29167
29308
4645
22827
3050
22157
12906
1907
10527
23109
14397
20086
5481
6474
9301
768
6389
27956
11242
17077
117
18599
596
31552
23457
22665
13418
24380
25883
30502
7026
11278
2360
20638
31248
4441
14340
16279
22081
3162
6480
25850
6154
7983
22600
19673
23851
30101
3763
5754
20174
17999
24211
3337
5797
4631
910
27150
21948
18047
5130
6780
14283
17645
19633
21153
27229
23364
6018
1313
24566
23994
2651
27780
23511
18086
22395
18092
19367
2815
7432
9483
28932
12198
10092
19500
19817
7524
5330
2221
10167
14075
22225
8044
23318
20092
20949
4690
27560
17530
20617
23227
7697
23939
11298
30252
909
12232
26876
12680
5336
29841
6585
696
4825
1717
8586
30800
29844
26832
26894
21060
11944
21471
18371
13947
6403
2080
18073
10156
9305
26635
30449
27772
29013
18111
25579
28819
12358
18610
8801
22744
30834
16234
14039
1999
818
1614
28409
9864
26404
6259
26393
29277
5341
23777
17056
3883
28339
83
8467
29050
25149
8502
4070
7067
27238
5175
9221
25680
21995
7510
1146
19802
5745
8970
611
5057
14640
7872
24810
7002
31430
24432
10913
8904
11331
6356
24625
19606
22623
13126
28437
32247
17453
24062
13699
23315
1889
1810
25444
17555
3288
4628
18161
10675
21679
28662
1516
17851
19915
6257
27471
30559
3441
22167
19400
19515
4107
24655
4585
6678
1780
18814
17877
4976
937
4565
23159
11334
4479
19828
13635
24516
888
15967
17387
30483
25745
7775
1583
21836
5491
22145
14462
998
13066
29449
18121
18166
26179
18506
23943
24540
13744
30326
20865
22747
24184
18484
11686
15254
6840
18719
196
28705
4071
26460
937
12762
26783
31922
25273
2818
22961
14700
23755
8079
770
7379
917
15201
16765
27837
14516
6042
8140
30529
1259
7812
8270
22333
7619
7435
7008
30226
22671
19554
24976
6787
26660
28206
14885
32331
5510
22794
12999
8613
10804
19183
1528
25997
32116
8873
8808
23366
1189
16664
5648
12582
26910
18084
19556
12895
31990
10478
12232
28971
29299
14420
21203
26682
30898
7334
20177
10759
21150
5074
335
4666
9203
21806
17237
24320
2725
26468
6519
7617
10678
30429
13435
28734
3339
19973
26396
23789
17530
30830
30171
7876
16134
21886
23196
15997
19875
28383
15963
10471
18363
19110
2013
29552
4648
10409
28403
4547
17403
9778
2172
25835
21266
8909
14306
17950
5402
29854
24483
31946
30779
574
2757
29013
8517
13245
7690
25461
7136
23592
26650
29877
31714
16468
9371
30058
13686
14223
14004
5079
3203
3670
1096
21254
19019
21186
29580
2157
27351
1592
6540
3326
10872
22320
10379
20501
17969
487
8716
4128
24719
17943
14512
9889
20234
967
10990
4803
6816
2180
12329
16205
14623
25180
22096
26226
29441
11576
26326
28550
3212
17163
5747
12380
8036
32481
25520
7576
7285
24166
7426
10989
11440
15663
3997
26076
6582
10409
23827
13100
3631
25405
26160
2277
22568
6332
7753
1109
26236
1507
29394
21791
31966
26718
16285
9250
4290
29772
2260
24173
27647
18402
26715
8795
4284
25982
17642
30273
27801
8200
1473
28180
12299
7463
1682
30377
6413
7280
5062
9009
12112
4691
12261
4831
21109
22824
20377
21140
4490
17009
6739
32709
3497
11733
4666
26524
10312
31550
20162
26352
28726
12525
12739
27971
10018
1535
12197
13974
21491
11676
26588
5518
9466
16019
25449
260
26516
26289
23517
1446
4485
16629
28132
15884
17102
8499
3856
2357
17827
30583
1817
24813
25723
4357
2466
28537
29954
29813
24044
21807
12633
25132
18114
29844
26499
8654
5456
5377
10689
14639
32360
14733
241
28862
27200
11148
11507
9479
2878
28056
15737
21657
4417
5572
16488
7479
19260
27409
27006
29393
31160
5165
29104
18035
31086
10926
31520
4836
17850
8225
2395
22630
8034
3952
5147
30872
25782
22284
25953
7957
23735
11728
21101
29473
24470
20002
29097
12879
25450
20639
13898
2956
1222
24846
21764
7627
10041
7718
974
23829
17059
11810
2372
21582
24250
24569
9990
16851
7894
4723
13516
26741
5281
4114
16576
7736
22806
6272
15419
9622
10141
28048
8860
13808
26588
27591
8853
17207
14200
31689
8436
5276
7542
985
28282
3500
7627
28161
16646
13536
25610
22881
27369
32316
12525
8809
27113
12370
7942
6072
14856
23924
12157
28364
24270
25280
24690
23891
20601
10753
21284
8584
26887
2895
16565
15823
4030
7860
10485
14632
14435
5621
18235
22490
22041
21011
28161
30031
8256
22479
29324
29098
31369
2580
20109
853
30716
10447
3658
11870
19263
32346
1655
10513
1318
25919
9623
3813
17704
25514
323
28789
30196
429
110
4315
23295
15067
14419
30292
4754
31643
14934
24030
16998
32251
11719
7907
27558
4516
8465
7649
23947
26108
650
4727
27831
19802
10663
7920
30679
9091
17927
1280
22728
2468
27234
9472
11305
1358
15879
27318
22472
16334
10293
21537
27414
9909
1342
23692
23372
1562
9732
18370
14264
24776
32503
3789
16655
18954
1124
2396
20867
22659
15997
23681
14780
28954
8248
14625
8616
9370
8342
2565
6794
10826
32446
23331
25213
9574
30141
350
24596
23296
30090
23414
6008
18790
15227
27337
18698
12755
23778
31688
3108
6365
873
9218
3874
2455
15111
31990
12468
778
18022
14530
25811
26460
30445
30493
19087
1911
619
7936
32354
32185
16602
29344
3954
30181
8591
6498
3251
16372
32619
29868
24977
8020
18615
17010
12382
12160
12168
20917
846
29340
19566
25345
2976
11873
17857
14444
14575
7982
10849
22098
14722
16604
16275
1967
28390
30814
1552
24176
4314
18698
13084
8692
6945
29658
18206
27467
14726
26306
19374
4272
12252
15786
6105
30473
14979
18012
16861
27185
5773
31825
8793
14865
18239
18640
32100
3198
18763
32656
2779
6477
12990
4013
12167
24479
16710
13363
17851
20785
3844
5997
21578
29172
4299
22400
1949
32752
8012
10913
10538
24823
8009
1225
11838
20847
25479
6260
18344
8442
7659
22403
8301
12149
9128
14607
12882
22119
27445
31886
17332
30865
308
27219
17064
4852
15406
11528
17958
24638
13732
20330
1652
26954
401
11576
6872
15036
17420
15800
15109
27067
8073
2596
10116
5926
1162
24992
13529
14936
11902
28720
16856
10819
4100
17836
8754
7446
7008
5470
15085
11407
12977
1667
14094
22111
7681
20901
22374
28158
11233
7745
28942
1704
7168
8170
12991
510
8609
20906
16845
10613
11954
25095
11328
1573
20118
27057
3598
3174
8864
25208
7198
9772
4271
989
4206
12462
26373
11797
12097
8088
7966
25607
19943
10642
990
115
26685
10141
19990
20979
27344
10836
19711
7511
25580
13762
26332
11585
20159
5673
10423
4550
8244
21940
15001
570
9678
1176
24695
30507
9082
17123
13946
2550
28121
19676
4619
29475
832
12360
24476
8284
24094
19141
30674
20044
26725
16109
15679
23164
6084
12164
24210
7370
20378
17847
22467
1989
11726
20734
16193
4815
25721
11477
4851
2190
13057
2582
4964
16329
30148
16256
18960
1156
7205
24170
6777
2731
8541
30309
13366
11114
25912
13336
26343
27075
30287
23891
14204
19124
2068
5614
10488
28864
27552
22170
29029
8832
29411
4251
20060
28472
10799
7852
23322
1122
19748
23901
11452
31326
18509
4721
4078
26256
31094
11430
3537
23622
13697
23261
23725
13803
25317
821
4996
838
13548
16444
24114
20820
17428
15413
2720
11247
25823
1971
5580
14571
14038
25291
25222
8234
29209
23935
31204
7070
31410
13736
8304
1503
13612
28280
10618
3480
211
18185
17591
22463
6286
29499
2272
20996
27601
19388
14510
17071
17881
3997
11844
17071
20996
19354
31614
16954
14509
2252
9354
3
12447
1532
25741
30383
30142
29881
10977
13269
7756
31910
29174
20306
17554
9524
14257
20894
27560
14263
14721
17189
27231
12596
9546
24187
48
29955
12971
29389
1181
7929
3811
27536
25097
5496
12346
11797
16825
20809
1116
3400
30536
15084
32723
30592
22141
31352
23376
14821
12051
10487
17957
16517
11925
30630
1009
6647
24877
6966
19985
14547
30404
5814
26661
29984
21117
25489
8553
11074
16204
27006
31613
1473
27875
17153
25005
715
5357
26808
17001
7659
22804
3902
30560
12840
3870
18719
14132
10307
18632
22518
20053
22664
29162
1369
4954
12077
24546
24062
30104
7650
8695
16133
9110
13534
19198
20210
6485
24915
18742
14747
27976
18107
12768
22489
27981
29745
10944
20848
2973
22176
21596
16704
15961
15387
17500
29057
19195
1142
16414
26445
363
14005
31787
10873
10573
8871
11739
80
22183
31099
14599
11619
386
24560
13428
17477
5889
26667
25601
3240
18652
8456
8318
10212
8925
31814
29072
17852
25752
13466
24239
32142
18505
6199
12523
13831
15943
11312
1988
28368
14127
132
16392
15754
23941
17500
15421
24780
6689
13735
8902
29113
28016
26319
7828
30247
2594
2297
7111
25370
13425
28866
23126
238
13317
26425
1386
6159
9410
2106
18087
22258
9674
29485
2424
32612
19530
27297
21169
6948
23182
10975
13815
15642
2626
16202
2683
11878
15237
29166
3495
21467
4378
6200
8875
6742
27763
31619
21160
19906
23350
27597
6583
26774
23102
11863
27085
9923
22761
29142
7414
30994
8704
15699
21786
23390
15937
28259
35
2481
1828
20306
25569
7687
30488
5383
13766
16908
20244
12409
22299
21955
26616
20196
22282
13735
30951
10145
22620
10380
16958
20008
27004
28425
26529
10860
16888
29661
21003
31045
12594
13934
13690
19040
22223
13835
19588
22687
32217
26200
1706
21935
10312
2758
17622
20736
318
16559
21066
17931
2284
32096
3718
5492
23971
22217
14263
14362
2618
4946
29576
23284
15009
14075
5888
17923
9235
4453
17577
30838
20182
12829
17119
16281
17506
7728
27320
15823
27919
11140
17084
23188
9568
1086
16129
27627
17235
1536
15162
5494
26887
30325
4490
22767
6753
24650
13264
10103
6199
22839
25509
27301
1034
29561
4070
30747
17392
12984
32067
12747
1798
1501
12801
14554
10065
1303
9107
4277
30373
1255
24444
23389
18604
29859
22382
30674
17650
30851
6977
16100
14413
15600
8713
25222
15804
8812
19990
3896
11112
5898
5748
24280
14602
15353
13037
28603
20917
21370
20066
2698
29563
25833
7620
11545
25650
2683
18618
4086
23310
30114
21385
20486
2962
25829
12406
19800
16084
1906
18830
2980
23760
8285
12867
28906
28682
9534
17152
8694
19062
4401
10101
29782
807
14141
25327
30966
2309
1148
31938
523
32577
23579
26972
15046
1290
1275
23363
28382
27251
546
29139
31598
10593
9504
14916
4765
16794
13011
10762
32455
21529
4316
8280
27101
2565
9094
5907
22765
30862
18853
31297
3009
19340
15735
8079
17374
3362
3897
3610
7679
24986
28629
12658
9375
801
6032
12613
4567
12688
15945
31178
23180
10077
22679
1977
5201
29981
7798
17690
4923
27101
17948
13056
15458
26373
22258
16050
32116
11087
1652
30610
8549
16581
12863
26011
21968
20106
16475
32494
9326
6056
30772
11662
26465
27860
17559
32006
22265
18376
16492
25190
15108
11070
30147
8048
2421
15223
20514
1206
20421
20399
28905
19675
11293
32138
22035
30154
22234
21542
6470
23396
19649
9507
30417
27087
3524
22161
18890
1046
7123
18760
15383
13937
28919
25565
3810
31307
858
19199
6544
13450
8630
15531
27362
11606
31289
25666
22944
2910
31081
21038
18368
23267
24156
2663
25757
23514
25902
22968
22649
14522
16428
21100
29967
25191
17385
30057
19647
7229
10733
9650
27482
17851
8575
4240
22862
9780
3438
13723
4980
26939
18849
11821
14223
6500
8854
15517
20225
14695
19645
2091
24294
8813
8520
15152
13951
2257
12661
32179
23108
30580
24873
32567
25559
13335
11591
28470
15464
22043
2484
25669
14585
25456
24256
18078
21865
1594
7471
23379
5351
24638
9163
2593
27628
10216
18685
26717
2491
5418
18080
30792
23707
13134
1474
25709
17967
28488
23495
19360
8789
12484
12776
29324
1306
30417
19384
25741
27030
20403
28920
13854
30046
5590
8851
14282
29088
8905
14933
31016
11494
9091
24693
26
7634
26609
8647
4357
22787
27256
9444
20886
14786
25239
1129
28662
32474
153
12245
19766
4752
28342
25705
29236
15937
26353
21200
21233
10226
4913
24109
5332
10643
2088
3241
12567
22390
31215
16708
25891
25864
19438
10837
28489
1159
21588
30650
5865
24576
5637
26459
29606
24480
21096
1609
20499
6858
10054
10332
24729
3912
29536
4056
22606
2912
30520
2614
10707
7479
5606
26335
31491
21418
15539
8255
32501
10820
20138
22307
2628
7085
31744
23588
19036
2948
11206
29254
4379
571
4373
14800
8859
4902
11103
18872
25554
13977
19531
27133
11552
26502
19482
8317
23701
28073
22570
21976
4221
27397
15836
16208
13061
1280
16055
30274
13541
22281
22855
13729
32049
18043
1232
6438
12620
19654
9363
29160
2185
24281
29197
20330
25518
15928
19487
15322
22813
14781
15289
24070
21259
12768
5471
15085
15846
5557
26943
11425
6529
945
29311
21438
2146
17082
26804
19541
13592
26046
32102
18132
5670
7592
27107
20751
15796
799
16495
6963
31443
31536
13922
22524
7862
18319
21369
32588
14591
21703
23859
13728
4799
28234
29627
27347
6266
10760
10355
26105
16418
6813
23783
27611
18569
10522
29575
31045
29827
23730
18962
10714
7300
20613
6246
22496
7706
9502
9447
18692
20834
23822
19030
22458
16671
18843
2468
30847
27310
30206
21702
15848
18409
23947
26214
5617
21857
10866
21676
26317
11314
16554
7226
28899
7987
29203
8934
28517
6140
26234
10356
22670
12481
993
17967
23072
15538
30965
31962
15982
6454
30044
25370
18905
16099
6380
19732
22587
6602
13505
16535
3440
13620
7839
14305
19386
16308
4264
6015
22127
22763
23841
21152
3815
31493
8114
943
5466
9913
2786
15773
18166
16622
31396
3370
5638
19999
4601
1958
4279
26600
23428
24521
5790
28158
10925
18287
15560
3157
21540
26607
13233
15582
17079
28991
10798
27643
28337
10953
9191
23367
21431
3941
2489
18168
10945
20636
24003
12003
27496
9204
29903
29840
26954
30614
25102
17578
18449
6742
25104
31348
31265
1459
1359
22740
2986
20245
8776
5352
7536
20509
13025
17119
10303
21634
12356
15963
27552
3753
17450
9295
18441
15001
15882
25827
13897
12747
9826
22668
5065
16560
2516
7206
5261
20899
10617
17526
22993
30584
9596
14893
28023
3212
29333
17428
14420
31172
31411
28064
29399
19381
11439
5372
3428
656
30361
31724
7947
1097
12736
15326
3893
18148
26413
30164
26698
11162
1812
948
3854
6645
13591
20715
31732
13536
10029
21800
2436
530
17482
29815
29760
3830
13256
17563
18011
1242
26120
26694
6914
14505
19062
21845
27317
4421
26291
29659
27604
8720
22095
4200
32748
3559
25094
7324
10316
12650
22853
11699
4525
12813
10266
4438
28826
25102
18316
11670
9675
28696
7635
12726
29488
5084
12187
25037
28751
22444
8986
47
26071
16825
2381
1012
17984
30237
10621
27833
6853
30112
9877
6200
29086
23475
17823
1810
9261
28848
24654
31407
10536
3121
9737
18127
6345
7623
14766
5598
3656
16673
31181
14324
11224
1325
21695
24802
13256
1146
29073
31319
27424
6082
12937
25549
20411
18941
9570
8841
5473
18491
22853
8354
23329
19945
18927
10898
7110
2280
6964
24450
452
8053
16282
16680
210
25724
22661
31879
25803
23954
9694
26057
26431
2161
14057
30137
21142
19579
15766
24638
17256
14175
26917
6081
13889
2701
1182
16904
16788
14834
16729
18357
8556
19171
5444
16442
5074
1245
26704
2206
29372
7245
29726
21564
31169
27225
13424
31507
15252
25340
5820
12791
29913
19896
15041
13721
10120
19335
3488
16875
15277
28526
21652
29714
18442
7602
23595
28078
7840
2108
29759
15594
18134
30084
10454
11611
12448
2509
17268
14947
8588
2343
4156
25695
9808
31603
9645
9871
12563
16904
1427
15424
32309
2400
22849
18548
24362
4051
19183
19391
9302
31978
4484
8410
3261
31653
11240
30956
25557
29795
1153
1345
19301
8733
17678
9382
6415
20715
1757
1921
11447
23201
17098
19962
13987
28892
28740
10393
2489
29311
8711
31738
20483
27959
8954
29987
17695
591
7485
23671
31735
12443
12538
18933
10938
1053
4182
9760
411
24137
14659
8035
11939
28903
15853
27797
25173
8115
14250
22973
28324
19424
103
13538
29519
3855
8658
15717
30805
8689
4448
14553
22748
5499
19389
17690
30325
9244
12799
26597
22115
13094
11891
14566
2050
8978
7828
21439
1342
18439
19268
1087
9086
21156
22557
22414
9493
5020
1579
27077
2306
23410
28194
26609
22580
16941
29115
21305
25973
24941
4964
6772
15961
32295
10045
7185
27027
17818
26603
4847
121
7158
25935
21821
14102
2472
760
9546
7
5864
20401
8341
9902
23497
26422
6714
31793
13732
19105
25199
2345
29021
11242
9551
8085
19618
3157
10212
9813
30427
17751
15111
2288
13615
7950
16438
23584
31632
30490
5431
331
12157
11844
10218
24687
24479
6867
21608
12831
1596
6512
1030
18478
27348
1441
19611
19956
27195
26347
3063
5661
21174
30473
11258
15867
7325
20841
24746
13268
5743
7083
18920
1821
7681
19087
28487
22406
14065
20051
3345
14600
14673
27938
7705
30969
29171
25062
30406
22971
24709
31056
8731
6201
17964
24235
613
24578
29181
5524
31673
14469
10079
15717
9994
28528
7386
11953
14647
4601
26797
19156
27202
10327
15083
29002
15670
7277
951
32257
4639
32306
5793
30614
26618
13844
769
11257
9522
10007
13191
26024
8646
18509
30245
9028
1785
22156
20429
20180
25833
27961
30292
22999
7978
5744
30040
24240
1531
14462
24982
30662
6778
12361
4318
24621
6328
26062
4954
10593
29496
14747
9606
23879
28688
20391
212
17181
4200
30127
21405
12759
22490
12484
16284
25059
27057
24408
2252
3063
18101
21204
7460
21044
16081
19763
20570
29827
26254
27878
3427
10408
4316
17117
23037
6713
29274
5133
22372
5696
11263
8620
28075
14820
1901
16572
1548
8992
12318
2897
8960
7734
10498
2920
17323
6678
9954
26889
21156
20906
21618
25297
26343
3972
21931
10682
22599
15630
9353
7837
5982
3611
6651
27017
23448
3350
8846
28818
4251
5114
16050
21880
30420
22941
883
22305
10708
10914
22734
15724
12630
10481
12206
21406
26869
1087
23045
26426
25779
2495
5181
18102
1904
10453
10188
21800
17123
7705
23376
30109
28501
24002
9549
21100
21491
4629
19238
23166
22335
4633
16063
14369
25019
6277
10633
663
17279
14934
9393
32053
26664
10315
8829
23704
21270
9715
1464
17371
16522
21703
20627
31168
24315
31052
13577
14055
24168
15325
9581
25643
4651
5739
19582
10675
5228
9237
4320
19676
16632
24349
30853
3315
30661
1371
25932
29701
26165
23284
15481
27404
6312
22219
6044
19974
19614
27535
7648
15968
26186
7212
6504
1960
2828
22991
17693
5137
13551
19824
11208
11277
6647
9817
16901
3523
31868
21211
10577
20194
26814
10227
17117
29914
1561
28734
26041
15684
31040
8775
11334
12718
24404
6610
25001
22499
10293
8045
8337
6450
2397
19747
12593
22749
26836
30432
9472
9128
31418
10404
4977
26579
23116
3144
13160
16059
10773
7242
23010
32440
15738
28816
9933
3491
30855
11731
24018
16865
29042
12275
4436
2482
29175
27420
25218
3518
15693
14147
10800
5614
31230
17683
25202
7392
19908
23331
8691
14360
7125
11720
26198
18605
27923
11152
19394
18863
21453
29711
9272
1877
7082
24125
10755
4977
18644
30535
17724
26999
20511
14942
3296
26066
3203
28079
20637
31248
17654
4150
4425
24817
6193
6113
23102
787
23208
26378
28370
16003
23956
23516
13179
22851
13438
11254
8961
4152
24948
25137
31895
29132
22187
19463
10371
1310
30421
28613
5465
9232
11325
17478
2252
26749
20795
22188
2891
6693
31559
21001
13987
11433
17524
30885
17459
4772
28138
3631
16407
29776
10345
30118
17190
13851
30358
23973
1627
11463
30586
16649
1742
25289
30237
16859
18960
27590
24042
30675
8022
28937
10769
13178
31352
25388
4297
29329
14978
4863
2534
20998
22031
23855
25329
11602
1137
4600
22886
21203
2840
21395
11920
16442
23430
19466
22249
14806
9859
21582
18864
17197
30210
29807
3034
1743
16339
1587
23636
5917
14271
14607
26114
8521
28764
16396
3738
12129
5787
4050
24611
28159
17522
17588
9575
5562
3083
3619
8282
6163
29953
22187
17437
865
12890
19758
4808
14489
22546
30114
10722
2491
19471
32096
9994
9996
5812
14466
24801
25885
5119
27540
30457
23821
22228
22121
30248
13366
21638
23170
15669
30730
10112
4394
28802
28293
25713
13034
8692
820
7693
21438
23777
5239
18442
11505
1189
21585
12973
30518
26321
13201
21713
13633
2264
26096
2800
16544
4981
31041
22115
28764
19690
14703
167
19051
21901
11969
21252
24236
20745
27480
21435
11205
20746
6294
11862
17359
13556
17575
5482
20592
17572
21543
2239
5013
4878
13141
31591
5012
12291
28151
23022
18244
24371
13521
26995
20487
27883
2795
25879
7565
20454
23752
8145
14486
4602
7986
17740
26555
30771
17094
7468
27327
5475
19786
28812
9894
22767
16694
25191
20078
17983
10139
12275
22991
20407
4156
26326
29995
21225
12071
11160
841
27195
26341
11100
19276
13013
2526
18581
714
17496
27955
31483
3479
27266
2820
14264
2693
14195
27013
1867
5604
16365
18487
13151
4150
16804
13270
12119
12601
5648
5516
2813
15593
11053
6486
24426
20960
17895
25411
15049
32252
4277
31455
6213
4080
27530
6043
28183
31193
6353
4295
19511
2777
15816
7997
27358
19184
15188
24193
24750
24170
9928
3775
1252
866
8432
164
17060
32200
29760
20421
22289
7146
16788
8135
7289
26345
5551
29755
8570
4233
2085
29363
23489
16640
32543
27174
19073
3417
25070
23163
21870
6252
26362
27283
8629
11820
16494
17118
30446
2716
13658
7708
8907
29530
13278
4496
4783
21609
7026
4492
5959
11854
25868
3798
30343
21879
27004
13589
5461
18508
21760
20990
6810
15106
22956
16558
31296
26095
26849
23606
22285
9385
9906
30714
7966
2534
26801
11312
12096
13753
25670
26707
9759
31072
14153
13613
24791
9581
12348
23410
24329
17607
10789
17376
1354
166
29347
22820
24925
30490
1913
31647
13375
28577
880
12968
6825
3734
20746
13956
13675
29225
11307
12829
12155
272
8797
13005
28746
9402
7219
10382
11662
11914
2210
6192
26699
16677
1539
13591
11662
17541
23284
32628
13278
11570
15357
16293
8982
13449
14688
18168
31988
2480
17230
16845
14669
102
31022
7804
14694
21638
29517
6208
15028
16054
25861
21723
27072
20550
22508
14171
8860
23059
22343
4626
19715
934
11694
15690
5827
11659
21826
18466
6084
17286
28079
31819
10142
16580
29094
17747
23867
23016
46
14218
21965
1645
23755
29257
30911
31841
19489
27923
31546
8017
10552
26229
26147
25733
31324
10087
22109
17596
27388
7523
6024
31951
25273
28958
5681
7306
30799
14178
30475
13444
14795
9521
25930
22898
12790
20478
25332
11527
13728
30288
4771
10770
23038
5348
4784
4918
7
10210
5764
6446
7990
26505
29519
5937
27878
4877
21025
8621
9207
29767
10722
5417
2838
12902
2143
22733
26295
18746
2623
8605
17991
3767
11834
12567
4837
6020
28854
