9806
3322
22098
15969
9516
19674
15460
19314
1094
762
21343
17383
11174
21062
15669
12498
30818
25480
31434
18575
17794
10308
30353
19989
14794
5967
27025
21088
16361
14502
13237
22890
23088
6827
9678
21143
8855
924
13666
30531
15221
24244
8194
30882
15603
1274
9585
28892
18139
5742
13719
18904
19974
8429
14559
16082
90
20127
30489
17542
12743
18075
4827
32315
12423
20181
5295
29884
7746
5934
6981
1745
32669
25107
29510
369
6943
32700
6956
30878
31772
17832
3331
22618
32247
21682
4546
14273
10111
7343
24408
16173
22034
7438
21584
27811
17297
26301
18805
12428
20977
23572
11169
16216
15066
6197
23887
2896
18748
18413
16738
9319
7847
4808
17914
14994
13698
31650
20486
12729
21801
23709
1459
7434
1117
21267
10139
4610
12854
5287
28195
4651
19812
16202
14879
19764
21779
17055
21863
13201
5763
450
459
15497
17904
16686
10813
24886
28960
23819
13275
8323
28006
8384
10755
26355
23212
26989
21069
28552
8357
376
6877
8650
27381
23518
20254
4995
7333
736
3235
11129
31469
11759
4988
27905
27399
1966
17148
13016
3640
13604
23927
4724
19204
11333
2880
18305
27160
22573
1704
25060
22772
28246
24711
32579
25660
12435
26195
7098
20215
9261
24705
31709
5084
1865
8585
23825
22836
551
13177
30596
12216
15013
23478
28689
6192
3286
10776
7857
879
15437
23096
2261
3011
30281
29545
7614
1707
30081
19818
9556
16676
1289
28044
26825
16559
91
4515
26338
16019
17198
13224
25697
17086
17517
23225
23471
18198
21552
11159
13696
9167
9558
23675
20179
12502
28631
30155
8009
2095
4534
8865
21863
10388
8411
16884
29974
24430
24849
27318
28451
23739
1447
10958
18257
9009
3871
29319
12559
10883
29134
23485
4496
333
765
19834
4271
1979
28328
25241
20606
31698
12496
29550
1609
928
14740
12342
1556
10595
1107
23442
23723
22872
32356
27170
21136
24675
8898
5549
9472
11908
11394
20520
26820
14223
12995
29802
25898
14439
25894
6141
17445
26202
30888
31518
14124
8750
8525
16821
10018
12217
13731
24958
12309
11984
19917
1902
2132
8631
22626
8156
1284
12548
15380
10926
13540
5235
11672
5714
1189
5079
26136
517
3788
29416
24295
369
7108
20055
9194
18787
27990
30754
11972
3811
15205
15583
4469
22443
18030
11061
32689
1165
5863
31342
744
31742
26423
1189
21877
3234
20655
29870
1609
25919
8814
18329
7853
22844
19426
5380
4277
5718
31508
14707
13650
29156
31140
31032
5571
2470
29163
564
9381
7580
6246
22094
26520
17986
15402
8263
25347
31707
31666
16347
24099
18782
18960
31267
20013
32525
4887
11912
25601
18033
9144
14403
22631
6918
1670
16426
10125
24730
17073
12789
29973
6637
24268
19439
20121
8125
12010
22417
29494
10795
20622
1328
11089
980
17763
9341
5200
22470
24655
1869
4300
14592
12075
17294
20026
17351
13821
17717
1468
3802
12065
12359
18018
3081
5780
30458
13271
30059
3337
16235
13552
30218
6715
16390
4704
25202
1122
6516
32337
3902
21881
26726
27224
8537
15756
20820
29117
5447
19434
9142
29413
12388
30647
25122
15119
6333
8964
27
25687
28067
10778
32275
13979
27877
11107
14307
90
30225
752
14675
30053
5858
30495
16444
11733
14714
19148
15159
24641
3808
21424
3967
26356
25996
21162
16460
2148
17854
7638
13720
22487
27316
13138
22457
21460
432
1548
272
11373
32040
17533
26241
21583
17492
31758
2851
11256
5292
21069
6943
14098
3275
6108
9594
24769
3477
14219
7158
23564
26693
30413
17406
10862
11657
9004
23330
17153
25486
9008
7488
14727
28270
28581
6690
7437
4109
15597
23551
4768
4641
4744
18388
28953
28350
14781
23625
22453
8533
19173
858
25019
13234
13151
3764
13866
6212
21762
11846
17141
29811
23134
15403
30709
9088
2508
6322
20075
29691
17380
1254
22131
28564
28834
29094
25724
24208
26893
5351
19819
11732
27102
18017
26820
26664
20046
10402
19635
4321
14514
31471
26768
24508
26976
7220
18183
9080
21186
18090
22959
27169
31801
24506
15491
31725
31768
24325
24636
14034
15242
19267
32590
28393
21977
6974
10692
8499
14156
27856
4330
983
9789
31582
3167
20695
7124
2819
5804
3476
16481
7457
14387
2875
498
14035
1000
27098
4698
18727
27097
2419
9370
26342
14395
2530
16
25360
11320
17506
29336
14088
28806
1718
20837
9959
22587
18910
4813
1578
2324
9172
6702
15975
8450
19795
4464
19856
12130
17012
8805
22692
6895
18015
3305
11155
16924
26647
30007
3715
19492
4076
22691
15470
15802
6856
23889
32397
29929
6714
11383
31678
13391
30104
13560
10921
24190
25201
5911
2312
28411
30684
4207
16921
7893
548
2569
18911
30607
12697
26915
8811
24496
18762
30120
1068
26831
4016
4138
31149
22461
30014
2997
11011
1008
10821
20089
5262
17408
14126
24295
14490
10664
6113
14715
710
20543
23687
13844
4059
30082
26566
25182
23659
31946
3039
2390
7
22986
1547
9914
4757
12341
10449
16319
9470
15014
27612
2296
21978
17265
4443
25632
32411
9953
7829
5892
15661
30432
1842
10059
14766
27859
8176
1485
30608
24260
14225
9828
17668
27140
4622
18447
29476
30108
29696
3013
27933
5095
29094
1762
1037
8946
20122
16608
22765
22602
26873
659
13751
9479
27717
1971
25142
5105
24057
594
4341
27635
32619
29245
25611
32209
32298
6426
16752
5293
32173
20108
14811
1412
10953
9841
9473
21111
17162
15811
18848
17233
18327
6503
28493
13628
29955
19641
5036
14459
3829
7271
11356
23378
6209
1178
25216
15904
11691
28749
3171
15659
27426
2577
21842
8528
2286
23882
909
24937
14297
389
8087
2762
12576
16400
26624
26599
28780
3795
30780
28897
9163
22978
22742
31264
1865
26400
21226
29204
8018
10558
22615
20359
5819
2856
7658
5826
27359
13342
9250
5191
2542
24734
24353
6290
5393
17937
30112
8430
6619
282
10925
28164
19409
19701
30048
4483
4287
13573
3468
30891
4091
6214
19390
27264
26236
12569
9968
21645
10027
25157
22896
6721
26755
19688
19104
26416
20047
10623
16996
17742
16299
2287
9979
27862
20338
267
5506
27680
18055
23211
2314
25181
15679
7710
31674
6338
17086
21829
31032
19015
14013
2404
30974
25311
13261
25914
2852
27506
13770
31394
27012
14535
2515
30106
23291
18425
2760
1321
1518
31688
14025
30023
21256
10937
18445
23429
22724
7810
11457
21188
29634
18951
32646
4362
12244
5022
31633
9482
30987
7697
21786
24470
13279
31602
24713
22506
22268
10590
2111
6191
28962
7947
14995
21113
10443
4613
14159
1243
15172
26405
30037
11779
19536
2564
16152
8785
30480
7565
7628
13323
1192
9548
14628
14312
29842
26468
29409
31186
7777
23529
15157
29784
9227
1761
25721
4080
12245
5858
6792
21954
4155
4830
4986
23654
12303
17973
5445
17277
10384
29424
1361
21969
16086
7820
25777
24631
1446
3667
23915
30224
6213
15631
23194
15068
29340
15426
3892
23306
20104
4074
19574
9408
9689
9287
6906
11241
1075
498
11969
5022
13195
23778
2150
31085
422
2049
25370
5592
25758
14124
28885
28614
8220
20083
23440
32649
15483
17873
3137
20598
9417
25932
21935
5853
6181
19980
21262
19133
18070
27027
4036
9772
28980
28913
26473
26896
14581
19015
31453
31341
28456
31675
6284
27163
13905
26506
3082
29803
4497
28018
29317
31693
9368
27254
28483
29506
23959
24706
27902
28393
3676
21523
32418
32427
6492
9919
27504
6568
19218
25087
69
14224
16308
1612
24920
16353
20712
1852
19819
13672
30393
9709
3309
30523
19127
22441
9566
5856
29629
22350
23231
7662
11407
25772
3705
11342
22284
3492
9441
6788
8538
10613
18433
17004
10771
28480
8194
15148
19482
17788
28459
13278
19032
4240
26885
11032
30536
25504
6626
2051
11224
1791
17809
5216
27842
19576
18881
1418
32043
8780
18971
9454
20697
16956
14800
16220
22555
15037
14318
19705
31481
25842
10609
16970
18686
8909
1444
11660
26219
32048
26379
10750
6011
27313
9381
19851
30126
11282
31991
964
23324
17494
13843
19409
25326
7890
793
1427
1608
30272
447
25804
22544
1176
14261
16353
12806
27612
8581
16940
18658
9447
8723
4296
5421
4526
29623
11026
18902
5430
8508
16108
12635
19449
1778
19288
15844
11322
27016
17071
24660
30277
20979
26703
22016
29011
4965
25650
3129
31319
10727
31132
31915
26279
32199
29847
32011
11531
2484
15503
26657
11361
26347
2331
17954
16286
23735
30857
11671
7076
15802
15977
32228
13285
8075
19187
20513
6047
20091
10953
2664
25056
18738
28978
26024
29520
3381
17799
28003
15690
3922
10033
3201
27247
24649
10805
6663
10629
14296
20716
3091
19460
28112
15911
32540
19058
19103
17806
6948
5411
3624
24266
4115
24762
5521
12942
26167
23129
9789
24371
14169
24571
5561
11614
4238
32320
19481
15240
15513
3423
30686
10790
2611
21434
14360
2212
18755
5407
780
11775
13744
27225
9577
18071
22020
9584
24468
13120
30680
25456
25662
23645
27522
15705
19741
22101
27687
20049
63
9070
16644
32244
31243
411
6209
10798
32166
2444
25446
27801
20228
28361
6407
19501
20401
28520
12017
13422
8405
29800
25545
2079
19120
2693
1673
5613
23390
13768
22038
6753
29792
12522
21169
21186
22516
27660
28313
29039
13564
5407
29428
1196
12735
7866
10654
5530
2948
6389
27676
28073
2703
16981
7081
3427
1986
32144
15818
28713
21164
21379
1193
15631
27782
22347
27107
32153
17956
9532
13893
24535
31905
19407
22626
27101
29197
14465
18374
22859
5398
16651
25075
12855
13380
5154
12821
15704
22270
17256
27638
26130
18468
13062
3670
3453
17338
2507
8282
63
4798
16265
20894
18856
19915
7649
27589
7955
255
29271
70
4927
237
20278
3245
10740
27227
2905
29514
16591
1001
14228
7604
4821
2672
31528
27227
24810
22183
14124
9710
526
17429
29586
17645
19114
20212
28428
22904
23338
128
13724
23801
31328
30336
24667
21743
10529
7365
5013
7624
6387
3232
30434
15931
8300
30822
15802
4449
11354
3644
25950
21816
1428
22361
4054
16141
4049
18052
23067
7867
26275
27131
13940
21880
29231
2781
12890
29802
13827
28048
8735
15081
14566
25721
29442
25590
30013
30638
24350
15890
17964
2628
27929
26664
15925
7978
2125
16900
16600
11626
5258
9805
6454
21755
11117
24496
7257
15163
12205
31353
11907
24474
5516
6027
16227
22183
9765
15655
448
2908
7665
19910
18374
27664
21890
19629
1482
16960
9747
27564
2531
25024
29223
1302
30584
24003
9496
8326
2653
1961
6920
28867
3537
9502
13667
23720
20576
2260
26272
7295
11794
2702
15013
16666
3881
16660
20421
6480
29245
23049
22273
24140
17694
31080
2231
22205
28798
11256
1457
15477
3882
11684
23291
8157
20990
3682
20919
18430
3754
7618
23178
9670
26529
30483
16163
23697
24729
3457
21181
8661
2868
12615
7503
18749
17504
13489
29579
14928
15224
6459
6325
18484
12481
702
26001
29667
420
6222
717
1192
13700
30703
2910
6774
20168
29704
26217
26936
10301
30445
22156
11228
8097
8882
7985
4484
15045
4336
14126
28382
21839
30666
19085
22862
14803
28471
19439
289
20861
6929
2227
9152
21070
7221
6550
18014
1133
23671
9264
5444
23480
3823
12354
17283
15216
6041
22141
6777
18003
31524
17654
4126
7759
31012
38
14023
27490
2213
26099
10412
27147
6338
19179
13569
7711
13409
4180
3135
6050
31223
19585
29869
31697
15806
3446
12288
15649
9856
24647
11874
6555
8858
7858
29443
6075
13473
3731
10681
20064
19594
7641
23813
19764
11258
30724
32613
30564
12768
22775
4719
4935
23372
23394
8667
13839
19669
4075
2119
2919
20927
27776
1814
17748
27521
6720
8813
16758
19992
21167
28152
9552
31487
23507
1722
23522
5754
17723
22982
31625
4182
20165
3958
11177
19210
23660
32308
9816
4496
2353
26533
27337
26149
19865
30360
8701
410
17714
31670
6047
15489
26813
17071
32229
4428
4531
2308
31651
28614
19996
9086
16524
14399
29316
14002
3105
26159
29296
4814
14483
14283
22078
17000
29511
31128
10274
12224
22913
2760
26731
27493
12337
12429
1027
6911
25251
25737
26241
26214
23628
29643
5153
23812
11942
404
15904
17650
17588
21195
32533
4352
10827
11396
23320
23156
9714
2482
16998
11986
4304
31164
11204
18877
30883
6989
26223
28321
11392
23620
548
1362
23955
29050
7763
24723
31209
22117
6211
11546
22453
5785
27256
29453
11335
10365
7788
21483
8847
14946
29716
16929
12677
147
22949
22377
5004
21711
30775
10890
29823
19738
30968
5314
5302
22890
14570
15043
15330
30077
26619
25794
26466
3489
2767
15551
9265
23255
1330
27083
32057
13453
13784
12980
21378
9068
17068
23062
22074
25279
32632
16767
9560
29528
22393
4317
29206
27765
21740
9003
11569
21761
18524
20694
903
218
11268
23558
3636
13239
11852
17037
13314
9392
20729
3293
18067
27414
16709
22805
26204
24328
30674
23747
11537
3488
19931
26519
1753
2657
2000
5379
32562
9486
23576
21043
5916
23752
14168
10651
32410
20193
28202
25796
17547
22905
12032
2271
15372
14248
23892
31226
30621
32367
2577
11437
20129
6019
31660
15694
27273
8305
11031
1986
21916
29274
16679
29260
30180
2079
31492
2461
17263
32347
27235
19395
25007
626
18773
5006
4203
13090
4044
32063
10565
14138
9153
22862
5009
9253
23416
20844
16566
14356
7156
18366
24601
26841
9314
12232
2580
23132
4568
11316
9760
29968
21851
7220
18715
3731
14557
30443
13554
25614
9811
23262
981
1995
11994
4877
23959
22748
20065
776
24211
9598
6889
28367
5105
13909
29989
27423
8678
12909
27351
28207
19736
4457
18911
30910
14577
10992
26012
8907
14674
24607
18146
32502
5806
23873
26969
17225
6206
1999
18376
30080
4249
22085
19301
31978
1441
3345
14575
29503
23879
11598
28896
22951
15718
18417
18120
30374
1385
24911
22102
5485
30016
7891
4968
9837
13742
6684
23778
23801
2687
27285
6373
21796
37
16394
21350
4294
25215
18027
32512
12842
15214
31909
21061
18072
31830
11766
19095
12907
20075
22223
8235
25636
21021
27663
27999
23430
22222
15572
30302
19787
18533
31961
23660
15309
14616
28429
6937
16503
2653
9596
29693
31123
18558
23915
26734
7051
20762
9255
3868
1126
21818
10880
30267
25585
13455
31430
22908
4751
4037
9861
15774
3143
17578
30456
557
13693
20345
13531
11384
4627
18720
14772
5516
28547
27432
11906
16253
11819
9822
8500
25869
21868
29193
29706
22854
29221
1575
6033
834
26226
13219
388
11514
19815
603
26782
31408
25861
9492
30432
13039
5197
12396
24959
1527
6901
21065
10075
15847
17391
3060
7280
12206
4978
10660
25165
26441
23808
24317
31570
24741
30051
4219
18436
10479
20547
26227
29547
732
18592
20246
7443
6902
5914
4408
27872
32711
4217
652
11926
27674
12980
22635
6255
108
17954
25349
31226
19231
27730
20308
15833
30128
23928
19701
27321
6083
20775
10623
9615
3980
7830
7093
8332
20916
1102
5495
24599
26989
16081
1028
20638
23578
8542
27316
19878
21118
17287
15617
29756
19492
2587
18743
26746
14368
22856
26109
6002
6432
6584
26941
29804
22843
27097
14281
14891
9375
22588
31154
22074
2267
23445
12246
22095
12578
26746
3012
29964
26249
1190
990
15696
32207
2858
10776
10425
4865
31887
19544
8122
23992
12690
23098
22327
1950
5800
29807
12598
16667
14936
26287
988
22304
28623
7635
31631
18242
4828
28713
12987
15928
6685
18168
4908
3931
6077
25713
8925
2644
4305
8775
32637
7908
12009
6519
406
32065
16171
11435
18936
21532
13779
27401
22949
29719
1181
12820
17909
31490
32319
22969
8332
14308
16584
3680
17431
15196
13347
18793
25755
32428
4589
6440
932
13891
10023
7681
15934
17200
4123
19201
21602
18884
4674
5332
18173
14839
28622
19109
31587
4355
7144
22823
30907
18992
5729
12410
3410
22375
26970
29290
30641
4307
19148
28438
4276
21850
16273
19097
27033
5261
19798
28447
23210
11522
19508
11068
7328
28922
16523
3353
14507
15766
20799
12199
24711
24487
28183
18336
6579
946
3506
19149
5254
9566
4601
3210
2416
23862
24032
8015
3171
2615
30346
13171
28651
10039
11740
2089
3911
8961
19434
21555
10282
19562
30840
20621
21198
21092
17725
18369
8259
31405
11621
14701
29896
2137
9795
16888
21881
22027
30951
2853
5701
26215
3025
4819
7881
8142
1964
4568
23107
3882
22937
15746
22636
26655
302
752
10929
1959
22491
13310
8932
171
4930
27217
17942
12515
11100
9585
2032
1745
2353
23980
14462
81
29260
28181
30727
31717
2291
21631
544
15738
28791
22273
13003
496
12545
9030
20018
11133
21846
29776
19690
29560
28996
14410
15504
9420
18042
4162
9743
11497
6557
22695
24702
20418
30926
12732
16694
32231
14466
15344
14144
12919
17209
27833
4622
22858
1083
1285
30935
3166
13586
19236
29122
31238
10554
13967
17797
31799
23286
15510
3537
21433
30726
25001
21126
6342
31856
7046
17222
17710
3401
27954
22660
17096
15620
30300
30985
9077
11885
29764
9796
5837
11019
27384
11150
21505
13661
23136
23052
1340
26349
788
31884
19536
1502
21430
25672
14141
11579
8220
14640
28065
9977
16422
5605
1755
11797
9455
26944
21294
15120
22365
7394
28917
15481
11268
6595
18803
12538
17575
29094
1921
32736
14462
13720
17665
10442
28898
22408
2695
29375
28840
24209
20311
9888
22821
13073
28283
6233
4188
22914
72
20003
28807
6264
13905
29809
25040
16334
14951
269
11157
5342
10210
28499
11094
18661
264
23371
29682
21692
285
28860
8317
7756
24117
10061
25250
27157
29817
7187
1312
19598
28492
1232
16252
5329
21311
14467
20700
946
20102
7390
25669
4070
27661
28527
16760
31142
12324
23899
16892
1453
17458
11197
27310
24875
10641
22190
26312
28150
29258
1145
29152
1966
14620
30211
790
14427
176
15707
17466
19621
17591
30376
3163
17725
24098
1951
13758
17640
26174
1288
15366
20497
852
19892
6070
31867
31690
11700
18713
3411
5027
29779
29969
26970
4751
21271
23278
24258
24503
7009
17203
16821
25280
1081
21408
8267
20565
2354
30109
2103
13063
12056
12454
12340
24587
2726
785
16563
6645
18729
24594
29955
27163
12960
2709
24538
13331
10345
2306
17302
13625
855
26339
10342
1255
26501
26027
10239
16523
11258
7880
18491
22928
20393
28068
13204
31099
9532
16611
10249
9072
25181
11976
4793
8398
5935
22869
32738
24907
15870
21323
19689
17793
4858
20443
25424
19851
14169
29560
12662
23548
19182
7375
5982
10233
8916
29081
4989
6148
4977
25491
9503
4490
26556
16007
6047
20473
5957
8430
15157
4278
6182
1383
30189
20456
18854
15297
4289
29906
26604
23820
12946
8916
16585
26300
7265
28418
32068
15757
28590
30939
17192
24943
4506
22304
13683
6262
6906
28829
29241
18244
14144
13121
6166
4658
22934
10863
7410
15087
18780
14396
21383
31510
13473
11215
25767
23738
14600
6581
15584
18073
10490
14773
32465
6725
15554
8254
28174
24370
23753
28701
32280
1580
17345
7160
15499
21866
23867
32097
11597
1557
32444
27206
25379
2189
26364
2014
9900
17836
20659
25856
22884
1927
23523
25696
29191
32011
6699
12733
29466
2164
10341
25566
5185
14595
29027
1945
618
30030
31539
7928
6821
29652
31247
8719
22279
11343
20899
17859
19610
27861
12032
14173
5382
12914
31550
6756
20017
19837
4168
26856
32193
13994
22303
23783
7685
19031
18526
17465
25950
25661
11640
3828
30978
3688
31419
2804
12138
8902
10208
5558
20092
24435
3690
6246
19729
614
2769
24740
3873
2487
26389
23318
22383
12958
29410
23429
16716
16768
7961
30948
126
598
30787
4673
25898
18746
29945
21550
13588
1921
15081
3324
21308
19042
16103
18559
27273
11516
31218
2814
24501
28636
22197
5454
12912
1297
30932
25316
11568
28738
4294
3392
20195
24344
5300
28310
14651
22159
28793
16504
8698
16089
3194
2449
19787
30647
27793
30834
29386
29699
7725
18410
7800
9143
13837
31714
8844
12378
15348
11444
1693
16498
5127
12578
3155
6918
15205
17943
24914
7451
1794
21930
27107
32658
380
13761
14141
27753
1595
8466
14375
22297
19930
19483
575
29776
18794
18969
13742
2575
26553
31943
29942
8589
12682
1086
13782
26943
3864
4846
20517
19880
782
11356
8967
31861
13471
11214
28776
9705
17429
31444
10891
25929
6856
7711
24265
16796
12574
12739
11392
13463
8887
5300
20143
5725
23212
23992
10848
12583
10062
17138
5032
6329
7789
24449
3752
11767
26878
14730
14727
30657
20047
5497
18456
11955
11477
510
2405
527
30752
6882
21260
14553
20791
18289
26097
25242
24600
13264
27499
20480
15082
29509
2473
1054
24807
7183
16829
15313
7359
17401
20825
2368
952
4002
11721
22053
15503
1242
23946
26690
17070
837
31065
16335
30688
11514
30008
22667
2149
9080
32154
31372
27344
19443
13425
24736
7896
20631
28043
1706
15278
19188
12607
29448
24662
28284
18446
17088
11737
10385
24956
10390
7403
32297
3090
27694
15953
30186
11253
18079
18103
6140
26965
16050
11400
31635
12135
24479
6097
31980
18501
20909
29155
3269
27103
31936
1047
5467
9073
29074
19077
12124
2796
24269
27007
21468
19741
21508
4546
24356
23336
1300
4451
4764
23406
9492
21720
21223
17323
18603
13625
8638
5553
3121
7777
18888
8130
31398
22875
23892
23859
26430
7417
1901
9106
5041
28728
16729
11331
6744
26532
17767
16907
9109
22663
4657
26045
29367
17002
122
7356
20267
26861
20538
20416
15188
26033
10255
10230
19256
23465
19690
13293
16789
27338
22160
19927
25261
3244
22506
16331
10438
8261
22778
31400
14039
7348
6857
24515
2724
10347
27713
7440
2042
11234
22958
28472
925
25736
14074
17577
29902
32320
28575
14382
26936
20322
9679
10606
16243
31952
31942
23836
2343
2408
28996
1661
17984
9604
23881
26440
28540
31012
13121
21180
32518
7357
7975
21578
21147
613
4831
465
25407
12993
19875
7456
25403
30359
11531
6131
23450
20391
2231
20829
24361
237
113
31515
22911
22593
32525
251
25899
28839
17187
3090
27895
15997
270
20281
10375
25646
10405
12741
17789
4038
872
10527
17088
30552
16035
8592
11323
29651
1969
14868
505
14189
9994
20170
9777
11906
394
22803
12918
16226
5600
3131
3267
22294
28364
18680
482
32470
6503
2529
2871
6026
31045
18021
15005
20032
21261
31130
3991
26177
6264
32199
13779
4826
26528
17696
23935
19659
18916
9200
679
21703
3414
24541
4441
28177
5738
3015
24851
18936
15889
24355
633
7811
15135
13215
20212
30781
13436
9013
4785
191
27710
25756
1459
12575
31335
31660
6592
14640
18591
7863
26404
18922
28403
20926
15162
27436
13357
11225
30735
4729
19203
719
5451
21000
28665
21652
9949
11568
19070
13801
22256
26786
26184
20728
15595
2755
16594
5774
27670
12783
16687
12279
31001
27679
32588
32602
3614
21756
571
4078
29168
27941
5039
16137
10066
24299
29091
8899
32251
14987
1434
16977
6085
7527
23428
6176
199
13700
22841
3354
2577
9239
12706
10310
6929
26525
15812
3468
9872
12171
18487
6646
23706
18774
28217
29564
4977
14364
1106
15870
13863
32239
27377
22191
20542
10061
29234
31447
2602
18170
21110
5750
6988
16931
23098
8928
23188
4636
16421
32040
12176
31480
2787
28594
12887
9101
14105
20982
18788
32073
11838
7446
2311
32723
16354
9108
180
26107
8575
15875
32559
22329
32645
13887
10000
15002
25875
1612
29135
21877
11846
8098
30770
21016
23488
25428
892
22549
29880
15112
2920
383
12106
24173
22961
11807
21924
16506
5216
32541
20774
25414
27852
9069
27429
26916
8690
3765
11710
9460
26926
14917
23974
11171
10562
10519
18606
31768
16391
5539
6932
15014
19411
29125
6302
14498
9809
14024
29928
4200
26371
27910
6420
422
24687
20602
27513
29062
7029
2295
10465
32206
22781
4743
3348
29110
6876
11285
27530
7920
8509
28660
28507
9417
10938
7108
1096
2855
6589
633
27005
18063
27265
11596
8448
15906
8607
19873
21925
17437
2982
21456
27610
7415
19210
17467
16451
12512
18962
15815
6611
22296
13133
4724
2959
21003
5006
21599
27870
3817
15648
20269
11753
2799
27779
3947
8212
25695
2968
22297
20848
5266
16577
12355
21598
7247
15427
13313
15221
2878
28301
5658
13378
16064
32494
4816
549
31822
31418
32344
9502
9961
18835
27346
14094
16111
31767
9063
31877
8000
1778
6327
19684
546
27852
19577
20506
17444
15958
20411
7958
6828
12328
207
5745
1959
21248
25509
8611
15189
15180
12528
28551
20708
6595
3560
24520
25094
28494
18536
2875
20868
9023
28803
4077
25662
21310
14959
17486
19400
14674
14637
9050
9570
31890
15388
9850
9144
11819
26393
22595
8550
5256
32387
13829
13804
15241
22044
29840
5717
2273
23387
28518
3695
20645
20839
28665
14123
5783
1677
5491
14900
19783
4250
29667
29329
31987
30542
1171
3506
18559
8571
14226
30698
18321
23342
24966
23307
8594
24818
24344
17735
15816
1428
6700
12897
14727
17857
9116
10402
9731
28231
20184
26284
21477
24427
11102
16137
11140
29033
23218
12737
15639
3040
6159
7187
21769
9064
20898
29155
29947
1630
29163
25652
6886
11115
27196
7035
15391
4617
13864
17517
19198
14019
27202
6489
543
8904
28445
20946
2354
14276
19501
30242
21429
1741
23754
31598
23210
17063
29749
18766
1779
13155
21522
22784
19101
31456
27510
573
1055
30577
6997
16653
22254
9072
14224
19435
10692
30265
10949
12499
29503
1195
1366
25538
27235
27850
22280
12437
4336
31231
32003
24060
25172
25785
3246
32443
14969
6712
13962
29222
17490
5769
25308
27732
28871
3246
25683
2620
6952
24140
27612
30060
6374
15873
27421
28379
32532
17680
18913
16317
26797
18115
15704
2838
32080
16746
11930
19007
24775
30362
28819
25175
4156
29137
3098
14347
681
5736
9078
29419
9917
13102
23932
16666
4338
5089
27316
24474
22854
5660
3549
29541
18615
26912
7074
23259
2822
21870
9231
3795
8761
12984
27327
28207
21944
4207
31148
26249
18303
1722
29911
22531
16055
11085
25572
21013
3938
16183
26923
23224
21405
22612
21655
22764
27515
2757
11035
30533
27938
27729
6717
25288
22407
13670
25062
11757
30365
16566
1301
22367
30885
15496
3313
32657
14506
1530
22559
14322
15117
24681
21262
2595
17798
2222
3169
23862
23717
1402
25439
15012
17802
3026
3315
9245
29451
22591
24113
12111
600
31453
12888
29677
7040
17963
23660
1102
12075
22022
25505
10303
9021
32239
19466
26001
3286
23362
25560
2380
5823
18888
30741
24636
10220
3710
29236
7451
18024
13891
12986
3635
3983
25486
925
15370
28449
6148
14289
22072
879
27751
31725
29480
21841
8953
32393
6959
14189
3576
28052
24310
16586
26004
20616
21742
27497
24149
1511
18679
26657
6778
7460
11574
13761
28305
27850
29340
31209
25379
7961
23349
32492
25296
32300
6164
4700
7692
2902
6197
19665
23325
25529
21861
3052
10948
8011
10193
7222
20332
13667
14449
14658
3725
1350
3671
9957
8548
26414
27202
14116
3048
9556
12213
5370
18010
27349
31300
9414
24481
6455
12684
14291
3082
2978
30155
12543
30165
6612
6865
3379
6789
11041
5750
2806
2414
23745
19345
26891
30176
9496
29163
25769
16540
30796
1869
17518
25116
16711
13689
21995
30921
1172
27758
20522
11200
14713
6143
3649
5257
20516
21333
2454
30644
31314
19644
25650
15861
7850
12162
12286
23769
25974
24955
28798
12314
2080
11610
6466
10706
31597
4746
958
14795
12049
26370
1049
22924
29661
16151
25831
19576
9314
10970
9858
22787
27267
18538
26445
2430
28448
28165
22236
24763
26493
18026
1654
24680
20196
9634
20013
17526
10589
7181
22114
28865
28468
24834
8712
15267
14208
5652
14023
449
25208
8085
13484
17674
25402
24236
22436
650
23282
31959
31170
26668
32324
12386
15820
9564
14404
27888
3657
14054
11509
21234
5589
18492
8191
25683
16938
4548
23236
3189
17393
32150
30652
25873
20986
20881
30616
20830
16183
10082
14143
3124
12129
6316
17509
7650
26317
14135
10532
22970
22191
11907
5506
808
8067
17890
20627
3503
20506
26582
4448
4830
10322
21743
19079
5334
6945
15927
4603
29606
13388
11443
8467
8053
25252
22836
28569
2269
30833
26953
10043
7356
30746
27594
7000
14389
31729
26896
5071
30010
13435
26765
4094
30648
6484
28447
12760
32507
32073
12040
16278
28310
16140
27696
7433
17846
19536
29911
17504
4951
7676
144
8378
24984
14470
19713
15223
20957
5209
27000
28658
14125
7834
20485
20439
25551
17276
11381
3321
6871
10153
1828
7198
9677
24358
29490
22250
29297
3233
23906
10650
21515
25758
10838
21479
3964
5326
30922
29482
14529
2117
5570
28218
7276
28171
32354
29275
30449
18448
11487
31508
6036
7464
25434
23899
15378
12654
12632
337
30239
25835
3579
23594
17159
2325
4821
22208
10680
8781
10445
7078
13051
9016
21033
19073
25390
15437
10868
17612
1172
23214
13961
13024
3283
26111
13518
32470
14331
13692
18212
21825
5852
4415
3522
17048
17994
25930
7121
16024
20583
4225
5198
26026
22721
29256
14114
17123
10136
1636
13395
25563
28778
32498
15483
31288
19280
24920
31635
3440
18569
13131
29856
12756
18687
16895
4719
24748
24168
32245
13121
26553
24844
19111
31447
29985
10502
31168
20468
1881
27743
30335
6146
32590
11025
26135
1342
15805
19837
14061
8529
4868
10695
16606
10237
23499
1986
13709
17143
27408
29483
12347
18916
23813
14129
14686
20179
7361
15896
2753
31069
18776
17257
19863
12
15777
20132
27793
29043
18550
18468
26791
29661
8712
10605
26586
11309
23866
19932
29151
6694
31475
16430
32583
27114
24466
3335
9284
47
14760
8768
14557
24625
27513
5736
27914
30759
16283
23399
14259
25215
7029
23300
1091
16353
302
19326
27433
30604
1316
11814
7720
26946
24998
24959
507
28048
3664
31749
13209
26359
12032
17508
28604
8185
20752
3969
67
16339
17404
5214
29514
16672
25964
24951
29930
2935
30463
3818
11419
6779
1815
3129
31853
31404
7228
67
28796
21953
11682
7567
4572
19963
416
3237
10431
405
19920
8679
17999
15607
27413
31728
12101
9236
6746
25358
29915
28875
13702
21035
12931
19965
15058
29961
819
21629
26410
8015
20963
16565
3845
19338
11631
7533
5030
4350
16532
22998
13675
12926
31628
3719
6761
28812
23881
5814
11039
9265
7938
6332
26079
22503
19801
8799
31714
6032
5905
6953
29161
1997
18896
145
6314
265
6707
9598
28
27111
27876
2090
2867
24696
25403
16158
77
26945
28252
32669
23847
22205
8349
21880
21480
27537
23899
19922
10566
23907
25691
5147
12949
21978
1556
20999
27929
23264
4905
2307
5783
9973
20970
5423
20917
28151
28966
6050
14216
21091
4225
10049
16896
27309
2777
23841
14807
9733
14378
6924
17670
9049
22718
18522
22922
9515
19528
13050
13012
14417
7188
18450
30422
25463
14357
29018
31329
18607
4931
4579
2809
2600
3155
24212
20226
32430
17525
9321
11228
21037
11884
30696
13275
4648
15580
18215
25865
23969
10104
22808
31726
31649
17175
27298
19556
31511
25001
21398
29988
12927
6988
27448
22826
32075
17070
17834
5354
28871
7010
22837
9154
29085
12652
9227
7375
5892
28147
2205
21719
8183
13750
18557
19893
27327
600
19245
10806
24190
98
14309
24584
2586
18534
22310
6141
25516
19017
12879
6011
3830
30303
32059
11408
24887
6329
32632
26838
31810
14199
28747
32214
21080
5573
2644
18508
12258
16791
334
1610
2027
19210
32252
22230
13216
28864
20984
30789
7404
11609
14001
17696
26576
9885
8355
11814
7621
1991
31040
25207
8698
19638
28642
32177
19716
29874
882
28237
31269
30684
27743
21834
4062
13094
10215
25272
8514
19248
4963
10599
11536
18221
18426
3722
15140
22877
15524
22750
10400
29583
7701
30053
22172
25208
18887
20082
9968
15226
27389
3176
15919
27917
24096
17963
25006
14988
14503
2517
31711
22740
8488
15611
22817
16851
1267
7761
2710
10641
11819
12593
3146
18479
18156
3620
20383
26778
29627
31270
8801
23714
24841
16644
5838
7055
25937
7628
4147
26887
13012
32497
27561
28340
431
10861
25550
13236
7327
12435
19010
20860
20595
15180
275
11912
26535
6562
16917
25525
6519
28286
14740
16864
9525
9184
17811
12778
14419
12950
19036
25080
14138
28947
190
24416
3754
29336
27143
23863
21731
2710
12637
31825
14252
18108
12724
29152
32166
9441
6993
26297
16207
28779
19285
22963
27983
3502
21373
13412
16327
2079
28629
6645
17276
31516
15309
17553
26550
25455
24479
1633
12576
4709
10964
14292
2964
23046
8181
1413
7798
7310
22919
11408
1232
12229
26535
17674
23539
32698
20878
16038
16692
2756
17832
11366
4274
13167
14004
26823
1275
31635
11248
31853
14547
1649
26088
1530
540
15947
10567
10851
9827
11431
1129
20922
1888
31458
15457
9439
5930
11143
14707
25944
10655
27472
19158
20776
4616
23434
27938
20717
27076
28153
26226
12156
24121
21812
1752
3718
31239
10982
11111
13489
1826
16407
17864
11763
25823
4670
8651
2007
32522
6763
28190
14278
30767
6808
11519
29232
4963
12206
9525
26102
30510
17802
13159
28707
1260
5326
30578
28847
13708
4363
18685
29062
13932
8280
8760
19916
24137
7188
18241
30693
1114
30005
23657
24951
18639
25880
23806
24869
30714
22136
30746
15996
24251
10432
16497
19738
10369
6821
22468
13501
13551
1900
20032
11394
15522
13586
20903
3154
6738
14342
32725
10219
7977
27596
15288
27607
32456
11933
17290
11522
6399
28803
31406
2148
13558
15688
24885
4307
9007
13060
3760
23972
12585
21970
13711
21862
25449
25534
14345
19623
2052
12981
12011
16723
25976
15563
28307
8146
3945
19929
5589
6073
17457
18443
1568
4729
9239
11170
19455
24347
5224
30912
31372
6830
13954
8389
19477
17849
1101
3906
32237
21419
24935
22887
21721
20920
16852
23845
845
1906
27806
2059
18986
11213
23182
8328
8329
30225
16028
17088
30300
29375
26491
19668
16846
6418
24373
13602
30315
9831
30556
14225
18724
16785
19997
28068
15245
22655
18936
16323
21661
3973
3993
11421
11414
29177
3812
9812
1431
24746
29166
15271
4541
31527
31288
28158
17307
30104
11793
29638
5428
30047
8654
14671
5469
11143
9728
14550
17189
29818
13678
15653
19013
18744
9066
20674
4989
18124
17527
32323
20260
32137
6403
7440
10261
6648
25480
12391
10358
20028
2322
23846
2494
11064
9375
11631
11464
21845
21441
16361
20115
12682
29737
6914
14766
19384
20388
11034
13373
20553
3491
30028
15837
32606
12020
16132
22655
178
23062
21820
4823
29637
21512
15602
23202
201
11055
26831
16564
2810
22416
5870
20541
30263
25904
13286
26247
13780
8957
3917
6102
5000
19062
20515
8669
18914
8616
28287
13270
11859
15080
595
28620
15217
11062
30131
30824
21713
23013
7138
8751
6733
27060
21686
30366
4444
11571
16086
9065
20379
7659
2480
12156
10836
26456
15065
25420
15218
17520
12564
14682
19701
12289
22981
26526
28809
15855
27759
8738
12691
23759
4675
6824
27806
15660
9848
30947
26556
11569
14061
4721
19453
23877
6880
2374
6351
15268
22656
11016
5817
25252
10369
29518
12145
30467
12693
28267
26122
18742
5192
27148
29301
5695
4702
25740
16472
25171
873
910
16810
6422
25337
1511
10857
25829
4968
9408
17166
2124
29384
11063
3144
29256
5726
13210
28410
18384
27466
29899
10304
12900
6677
23087
2470
28012
23823
17387
667
18813
100
17682
14499
11870
32037
218
14450
2632
3930
26517
701
5748
18847
2037
25655
26281
32688
28774
10432
23330
27541
14444
20073
16831
12301
14592
26035
15637
19776
16143
18658
26007
17286
6777
17651
2736
31374
22462
13159
32551
4597
12846
23736
30233
722
24553
18380
8957
28819
16579
23440
4407
12780
13490
27729
32033
31071
28158
30515
25115
6025
30503
27297
28361
6094
23550
27471
8833
29417
28947
2557
31781
16706
5195
22197
23728
14764
29933
11025
3331
24530
31042
25972
14436
4136
13149
9209
8856
5591
1623
22112
27176
10705
8415
15074
17683
8383
18865
2686
22453
10274
9726
15844
2912
16822
8618
27866
9150
11928
29864
22138
16292
12943
26775
8531
29632
559
32032
22319
17149
19831
22911
2232
25162
10989
7427
25067
29423
11772
6165
18670
12348
11771
17131
25969
29465
12749
26275
10087
26495
5823
24884
4227
23957
24536
13374
9358
16832
9609
10826
31025
31904
23585
19931
26269
17815
6722
12573
22231
20466
12013
7362
8797
11446
12716
10288
19767
16469
17841
31947
20553
17801
2984
6583
26449
1011
13397
21776
7333
8916
20742
4958
83
21987
23854
15706
8441
3014
3937
24603
31036
17257
18011
6913
5494
16141
24964
2728
14765
29047
727
16277
18633
15203
6872
776
6739
23778
13787
13297
19669
24587
19549
25015
30610
14293
22292
31254
26325
22487
6574
25318
19146
9980
32276
12400
29037
24860
29835
21590
18629
16616
7066
8426
32545
9515
30069
20558
9183
21045
10004
26210
11191
29105
10188
16427
12355
2268
26368
29428
11014
18095
16374
16650
18661
18762
6792
24994
17320
19275
21020
9480
29591
4015
27364
7635
1056
23603
16355
27551
25299
24579
11038
2861
8416
1523
13238
11173
5031
26442
3200
30790
2494
23993
8219
2385
26190
4239
3685
18109
25940
19245
22924
29422
12282
28693
4042
21267
16586
30120
356
32418
25656
1874
2343
18170
25217
10100
6215
25542
5263
1034
5397
8298
20024
6533
11944
10851
9405
15678
3651
22552
10512
14886
18883
19270
12835
20551
10536
12745
19447
8486
13238
6956
19678
24747
4112
24827
29449
1022
3343
31625
16641
7472
10208
19559
6229
7273
5753
27499
20097
19622
17462
23264
10371
5126
18659
13040
20044
17650
12616
21520
24564
10083
29369
995
25341
20168
6670
32641
16069
21264
12454
2531
29647
6312
28986
19602
8758
32030
14425
1202
20518
31629
9082
28087
12802
11689
3043
10007
31307
29668
31099
29085
28708
2249
19470
5338
14297
20776
12359
1187
22907
23693
75
31321
9792
16077
28248
9516
9700
13673
19106
22592
12812
26838
23561
13648
22065
2973
7728
15820
28475
7854
17858
29795
24220
15383
11950
19510
29017
30389
20086
2778
23568
8019
28546
32176
25000
5390
22763
29438
25322
12462
6362
19070
12813
22554
28228
10513
5535
22713
18767
26281
27414
19777
2148
11567
20936
3332
31381
29389
13234
28770
18055
418
25126
6109
8121
6785
20749
22662
12986
28674
17405
31385
25432
15060
32029
5198
24204
32694
11877
31941
7291
19310
4693
6291
15764
10314
10760
6873
12382
25793
11007
17357
17464
27166
10170
9958
14304
24026
29381
6314
29003
6139
9359
3519
24290
7241
2281
29278
2277
15344
2510
21269
5189
20644
29075
5430
26383
8728
5966
30487
16608
31270
13539
7644
28859
13234
18118
6148
23569
11238
27161
29144
18813
27925
13949
16947
21580
11812
3443
29651
5269
22782
18924
300
25142
13883
7980
24067
10175
7099
20164
25623
31954
4000
10796
17758
13908
14502
5345
18507
17708
12419
28895
26631
6953
23691
1958
23606
24598
21645
7866
2416
1989
5977
30531
27990
21613
22570
31963
16050
32598
4013
24681
13219
9323
12031
18543
11695
9209
23238
8416
27886
30838
28650
26913
24922
31940
17220
10124
15048
21010
4393
26193
30155
31522
26951
20063
21844
23872
3858
6495
32380
9714
18022
11437
17820
5885
22503
15273
10577
28915
16385
20593
31198
7998
30537
3768
16586
26365
4721
27897
9812
11520
7103
32009
20476
28027
32648
11644
1264
15066
12504
12820
19136
1980
19194
31256
9882
8860
26729
18402
15506
8320
12043
7620
10344
32373
11624
18668
8382
93
5166
23450
16197
17966
6869
25736
9777
14176
30189
8735
11424
16095
12620
21655
16792
24708
32695
10981
20106
29624
9640
4809
4137
17772
3066
29983
7639
3671
17220
7193
11695
2281
20515
10656
3250
1305
31822
8430
16464
7878
8187
5822
22572
13831
25283
8297
7300
30571
21192
4772
32590
9413
25716
3413
982
26042
29927
12939
12820
12803
17587
15176
8396
26046
4135
25954
10993
17163
28178
29297
667
2723
30087
8281
1353
28611
22204
10376
31493
31351
4819
27608
17247
28109
20974
32101
24834
32317
32403
16233
22085
3875
18693
14807
23184
19639
1240
15098
6724
19135
30371
12037
28747
22159
8032
27676
23094
26074
24188
29971
19774
31292
25497
28061
3178
29728
23590
10086
11619
9788
4350
20506
7023
1410
17308
23825
7531
4105
2625
23017
11629
30718
11720
15344
20024
18023
9187
19714
31842
1033
11184
9453
24209
1400
21144
321
29168
14827
15037
6119
7572
21263
25612
16792
22803
18102
29847
3540
26717
2529
3194
31409
6231
30527
5411
10103
25965
6634
13220
26992
1804
4004
4366
12116
70
25776
2986
6115
4079
11734
6018
3395
10174
15298
7208
5917
29648
3515
31082
27179
29082
10248
3141
1150
7858
9544
4311
25202
26068
16471
5643
2267
8667
12084
25327
17805
21536
30169
11680
8221
1394
23211
22291
317
13871
23732
1757
6078
17413
30353
32130
30454
16676
6019
17329
21178
25235
3789
40
6646
26829
11283
13808
353
14216
4636
30714
21624
14093
10224
16110
7066
4926
14066
386
21151
31235
6966
30586
3085
7275
30178
2786
29059
27506
4145
27319
6841
21269
4114
30231
12526
5076
17988
20033
17774
19577
14388
18874
9785
19379
5788
16957
21689
23148
5266
19177
3808
23998
2346
17334
7097
28858
28829
31428
16691
27658
16490
7135
29008
15098
5256
4617
22975
23323
627
13986
4444
30049
22889
13635
9172
9505
17872
27414
13362
15118
12400
15387
23482
6125
18599
24646
19243
7241
29591
1598
2324
8230
22690
22744
28797
28486
30318
30814
20454
25651
4651
20486
14607
28128
28001
23501
14028
4451
32106
29307
13996
21190
25102
31538
213
24006
3991
7558
6445
18602
2862
30424
22918
24911
14089
12064
31998
7655
32375
27416
12697
2212
14490
4439
5530
20262
21271
9053
19143
1064
17617
2957
615
7025
27440
13373
4445
13771
19283
1044
15491
29774
15075
30517
477
16386
13094
31901
11256
15438
862
634
31077
30860
15921
13327
4828
26252
6271
22364
28459
8546
32406
30755
7380
10686
26488
8665
13737
27237
25675
20849
397
6439
5376
945
505
24141
2430
21575
18580
5649
10639
1442
6100
32074
1092
225
23839
11326
25119
26940
6333
26595
9241
15733
16444
3028
23555
13779
5338
7305
8608
5286
18409
29501
29238
31481
7148
27247
26413
700
31136
31629
17093
25392
11522
23570
14504
15439
11965
22994
29369
20759
837
31743
8480
30900
20826
18413
26385
25029
24181
30292
11459
27352
8211
26461
18748
20155
1435
14713
5520
13031
1839
4230
19883
18920
25161
22672
10582
13136
15801
8430
21219
3661
13096
4653
20348
21422
29951
31484
3998
32702
29710
32173
13596
23544
2304
2479
9838
21557
14935
493
17880
12958
16438
15042
5496
24902
25563
22415
14345
26608
18788
483
6314
18471
5905
31137
4780
6506
17842
5959
13574
23255
13020
1767
13218
22357
19907
17493
17266
13537
27783
13919
31922
22342
52
12464
29074
8747
31327
8590
28126
24045
18430
16976
20271
3701
18822
18168
4983
27341
10571
17162
7842
22493
23905
18265
20097
20548
814
7700
16081
32524
5951
22
7659
620
21701
10243
9520
20341
17562
17770
12024
1881
13391
967
32334
14895
29330
7883
7054
4921
18073
22296
11116
15850
9481
2057
23735
31420
9580
8428
29597
22146
12260
22952
6146
18024
17234
9299
24309
3749
4356
6903
3609
20794
31566
31326
21048
28180
18783
8278
4399
32039
6912
32120
8603
7944
21444
30787
2485
10234
21928
24764
28943
17695
30668
18848
12248
11011
11938
26048
22677
8309
22386
26019
16453
20521
2498
17250
25363
14156
13783
28694
4800
18128
12311
28680
7749
24784
5553
8258
6396
17180
14247
8671
4646
11131
28127
15640
27715
4620
23684
30605
5744
14726
21167
5912
12390
3316
31191
23528
7326
19973
4677
25196
12917
30405
29002
22299
9470
25870
25266
29634
18883
28100
28524
8142
13636
20868
24628
603
8633
15360
7020
24260
18229
31476
14881
12758
13031
28985
24780
14196
17869
30229
3317
17977
20968
20632
8573
18456
20345
21082
2069
1202
23186
15547
16086
29632
5081
5922
7604
25479
7655
27816
2064
26837
17285
2814
7012
19416
22869
21520
15500
30359
10348
32668
10707
20352
7620
18800
28833
25631
7466
31933
21039
21954
11493
5257
17218
6988
14835
17616
18358
24878
29525
12215
29450
6709
11659
19870
21486
12597
26112
9887
331
15763
22715
26525
25612
8708
10583
7348
12645
5796
25310
28239
22014
19732
2248
9756
21286
7937
7663
31812
17316
3311
25863
15725
26239
15613
12452
15666
10927
9914
24476
16577
18220
10995
7445
6311
28591
31724
10816
165
11974
29709
23143
4058
23242
18124
124
2918
31674
22799
22539
18702
19608
1054
29210
32565
19378
3984
24826
25365
2476
19599
17630
19877
6112
28210
30086
19310
6985
96
21509
31487
8631
14430
21042
29043
25538
18365
29714
1020
7822
23526
31245
20783
9469
2654
360
13384
12461
4913
15142
28740
22437
8407
24605
22639
23617
32344
17271
1903
20873
8744
21432
21918
18113
26057
31978
13091
22941
20480
13587
20917
12081
30927
1765
9669
26669
17478
11553
13893
11743
31404
17360
30200
29108
8781
15094
30933
27130
28828
4418
17293
15071
11856
27542
13076
5025
857
24860
3457
21566
19867
18964
13648
4302
26260
2626
13220
31766
4606
11894
24028
27578
14581
18253
15951
17641
4838
12772
8130
12575
28417
31194
9909
32539
30403
11941
17232
3303
31629
26832
31314
1100
12060
21089
2826
5068
2076
20545
21495
8915
2527
26925
1895
18519
12225
14660
17632
2030
23153
10216
1009
2514
20217
12394
26745
9998
7409
23639
6208
15259
6908
4400
32047
15577
5689
2455
1865
4977
21256
15618
31969
11345
4883
5963
14218
7443
32298
13383
20327
5284
2358
23077
11925
8673
18433
10224
20917
7720
31848
23593
6761
17111
12016
14880
3101
7425
10867
27461
4913
13179
22108
17485
4638
18414
8248
5292
24535
9261
28502
6520
9821
25031
31382
21375
10227
2664
19014
23269
23852
21533
13692
22849
7567
5483
17418
5608
6192
22918
2999
30351
18767
15818
24854
305
21918
30232
2556
19113
17259
32363
2315
20520
28059
7307
6063
64
17410
25966
30018
13014
30758
32382
22493
32272
5456
19321
1250
14539
13869
9845
25847
4554
4657
8184
18645
28064
30765
6640
2494
15284
31629
22714
14933
9592
7420
25147
14837
25007
3857
13194
11871
4102
25368
31327
11586
20468
27077
6173
14497
18603
26411
16577
7891
3613
24840
2298
20593
14873
18957
10978
21552
12027
7250
12742
10793
19444
6390
6621
11734
25021
23132
16762
22414
28943
12858
19957
9216
10963
27686
24320
25004
19627
301
6120
12849
19234
4172
9925
11939
17723
2967
1617
21492
31750
31032
16292
9726
31545
27457
28108
21851
18071
26810
13773
9718
14981
28204
18995
22958
23741
27491
27143
31800
7371
14279
6031
6884
31367
24147
1001
13473
13168
24025
24877
1090
30295
2509
30059
12403
12179
7032
25952
27334
18001
15152
15997
6278
7823
21656
19567
17864
24975
26825
16104
23796
29063
17597
4390
27204
940
2556
1329
5311
9863
21311
22935
27515
30989
28228
10458
12267
2460
10160
7816
25396
14975
32152
24210
3739
9354
14542
8190
1095
16016
27808
5326
12193
4991
12450
17793
31193
1859
3910
1864
18700
5461
8233
10370
13788
4736
5154
22511
15664
19931
7456
10090
28985
29656
4931
23486
32417
20652
1126
32726
16456
32272
31437
27127
5559
11022
15224
3715
15856
752
1015
7251
6649
17240
27532
29520
28683
20448
31443
3732
4625
1129
20671
30725
10117
11737
17297
19458
19636
27553
22495
14384
16043
19213
10097
14682
25861
12269
25939
10417
14400
5355
5172
27029
17648
22610
16283
15733
25030
10460
6228
27696
6146
14474
14308
3029
15231
8796
1687
17228
16696
27180
19265
26658
2222
11468
19332
20542
1614
30935
5877
7390
2699
24478
7979
9485
17148
6125
6746
31252
2168
2876
24006
18773
5822
22612
24804
7016
26603
15680
29119
8467
8068
29893
20155
25413
13972
25214
22911
17377
29674
27427
27246
18883
10556
3399
29608
13079
12133
14682
7754
15779
12768
1665
23580
32085
741
13386
2998
30216
28547
28682
17510
32254
23673
3902
11075
13138
23103
24288
20982
1815
22634
19048
5058
3490
11783
29588
11458
25610
20047
24303
25342
3974
13998
6026
2228
17386
27803
7932
25229
31576
16287
9597
5244
14721
29990
24665
9015
14786
2517
25559
22581
8164
19761
10266
27008
4069
19083
22344
11883
20957
13150
11723
26056
23474
21795
5165
8691
17104
3630
11436
21119
13556
13003
21824
6948
10107
25963
6519
13052
29039
2653
15893
26342
32037
14617
29484
3434
10943
23280
20439
16926
24001
2130
1393
6731
1105
11187
14045
13294
12138
31404
4840
1057
4111
29554
14206
8536
24022
16018
32297
29089
20533
6749
8373
9393
27690
20241
10163
13582
29901
6279
19209
21369
19908
29607
22379
6949
4950
21411
19016
15621
5214
27789
10286
29734
14100
32373
6276
3201
8748
24051
3035
4475
18574
23680
8413
22740
11865
11455
7805
4719
27315
27755
12439
19678
2673
7995
7917
31369
3115
7082
29939
29314
14135
13389
905
11267
2889
17874
19551
2847
30562
17302
16748
197
27446
25137
20831
32718
11977
6430
31929
23705
14528
25122
9678
5136
31854
24294
30829
13031
23879
25231
9444
9533
7684
18188
15413
6793
15979
29500
17027
24932
19275
2254
1749
10819
10444
22078
32341
32759
22505
25373
17305
30798
9351
14906
28972
9944
2595
30496
22860
14208
29141
4558
6964
17974
13562
27954
18747
3214
3153
19140
14691
21975
17475
30428
13507
21986
13162
18293
2247
32291
2333
24643
32741
16540
5769
7402
32261
22433
13644
925
26477
9489
25421
14383
6076
2878
5137
4366
276
17793
5256
11634
4632
15857
11992
15761
15419
10583
80
4935
25156
21057
11354
2894
6573
28544
17354
27827
30
10781
22698
32238
28892
4716
19226
17522
9391
13195
25768
11632
14660
14360
21497
15337
17401
10943
2911
18920
28217
18618
27003
28772
10377
7165
27596
17099
17366
9866
30588
14596
14154
20444
1430
25636
879
286
13366
24548
568
27748
26400
23633
1540
24289
16004
6405
28741
13699
15261
15534
25422
5935
28492
6497
24858
30557
1910
10180
3021
6007
31895
20686
21270
17655
421
32620
9307
28166
11469
26886
12831
21946
6273
1391
6612
13553
30880
19579
5562
27729
20580
282
835
6017
6690
5971
21737
20837
19146
7253
2327
19666
10108
30001
30301
3241
25676
19122
10210
515
30683
3627
9063
9929
30741
11501
17705
20087
12545
17787
25656
24242
30513
880
11447
27841
31741
11376
3058
23730
8787
25167
11513
4764
32659
11286
23278
3566
21627
31036
10474
25219
24269
2069
32234
29368
27917
25075
5636
4452
6703
32077
12390
19010
1999
1958
31935
31464
21022
24241
26840
9758
20816
23004
12825
32478
2290
13006
5420
4136
26174
7507
8352
8753
8992
29849
3587
3388
19485
19794
6036
3593
1068
14838
1866
26446
12787
8188
13962
10106
18088
8817
25743
18783
18260
24599
11290
6742
11759
4276
30632
22462
6238
28377
7704
20877
4098
20799
20512
3892
32031
24605
12760
30643
5653
28880
25068
21885
19170
17312
19192
14877
21052
9481
27120
17829
5606
19893
14141
10511
18640
18893
5837
25271
29185
12785
7661
12177
11250
5599
7280
31561
16561
8782
10556
15702
10171
18738
30969
10339
15115
1360
69
23875
15773
14200
20834
29246
1570
5535
18435
4869
19809
12649
27760
17761
16457
15769
479
31307
2654
28483
29304
661
5589
8548
15933
16927
15181
16139
14432
5163
2988
27124
14752
16067
17230
22781
31859
4914
20056
913
6859
27841
4759
23742
7041
9965
29686
8782
10357
24454
15687
6599
25788
26934
16274
32516
27908
13853
5871
25988
21234
14899
5229
24389
24271
20605
20788
25016
4482
3555
26543
6848
17266
8193
15406
13712
21404
24076
7939
28841
9376
3424
26333
23543
9303
2813
27284
8091
19723
3806
32350
18848
30212
5549
18693
21096
25554
10490
27188
19787
22352
15795
963
5239
23796
13388
17484
11466
21683
11671
4680
8198
5458
25328
27426
8500
11424
2
29387
30966
4282
8208
3218
29914
7436
2110
9942
26255
28796
1031
10196
9595
12465
26779
8766
32435
22797
14238
9506
3362
4778
8490
6938
5398
7464
16613
16775
13389
3785
24906
18702
239
9477
21537
11608
4043
1346
1695
17039
19356
10264
25434
23511
3276
14366
21460
18055
31434
28629
18175
8836
28083
30967
2498
24810
18575
31234
31268
26253
6693
23933
11622
30900
15358
28946
1247
14072
9408
16707
25916
30156
13499
4359
20275
20967
26916
31581
30831
19796
7175
12134
14122
13204
17579
20037
6754
25320
3521
15533
25710
28009
3151
14468
19729
19774
27621
13781
29717
9171
611
27821
17622
11446
28425
7265
14072
12587
11887
22302
22523
25171
26185
11125
23845
3162
6616
14350
9393
5533
31034
8308
2295
12703
5041
30815
14293
6125
24141
3503
25650
27648
15958
32705
7969
21409
6191
19861
29141
32232
18740
29340
28961
5573
27814
19704
30443
18277
22870
24129
30102
8337
26471
720
29962
10401
17186
31210
14500
5480
23392
3089
20705
32499
22486
17157
29539
25776
29955
521
24416
15145
10561
23356
21575
4639
4107
16834
13316
12146
17964
11999
20961
15336
9011
31483
10929
21365
4619
2558
21117
29532
13426
32026
18349
23828
31322
25308
4888
5489
26667
22711
10293
11351
27714
16431
22572
29100
24022
3112
24101
10498
3305
16796
4834
11779
11426
4507
12612
20560
22278
28935
17676
30235
29338
17721
24739
20838
24626
9009
3727
9343
2234
14803
7833
14043
10344
19982
28302
13355
3711
12953
8664
15358
30274
23421
25355
26910
8059
6232
17945
3130
25215
7863
12614
15930
9557
24777
22253
19236
21798
13071
16776
18208
22732
32358
16152
25536
22273
10880
6343
21616
9267
3909
30481
15709
14782
4733
6808
18676
14817
8579
11548
5287
14675
30096
24077
11825
20775
951
16759
22371
22809
8260
32731
14058
7218
14320
20773
338
24353
4051
31846
32259
10610
16315
10714
6329
28742
4390
15394
28763
756
6067
8561
2336
28530
13974
7376
28673
32311
22810
27529
15022
25256
27393
25106
24413
20230
6151
10172
25785
16445
2211
6111
25282
4021
13448
743
14838
9936
31285
4426
18151
4464
30053
26128
11484
8829
3299
20007
6860
26357
25309
19823
10924
16842
14714
12809
11143
15440
30712
512
19365
23753
19316
5915
12413
11785
24792
4158
5860
4347
27710
26449
5768
29267
7327
30319
6244
5222
14670
1655
30842
18101
31062
9490
10169
8814
11141
30608
29601
13479
104
3034
24034
25821
13911
18465
9884
24495
2582
3540
22743
23471
9539
27583
18728
12149
20107
22294
2866
26128
24072
21136
27480
18511
27371
11930
30347
12061
20026
9486
2740
25807
28910
32412
20221
24785
27270
12211
19384
17090
14217
28206
9807
8127
18008
10495
18002
30252
17179
1610
23886
29170
27198
7248
29624
5315
15281
32017
14803
21402
12181
25623
27696
19545
1983
24994
8164
23521
2054
15855
17217
5838
16889
770
3218
29831
14153
8957
28875
24046
24743
3233
4342
18100
9653
12093
21902
470
1289
29439
11224
8068
4628
539
2457
21573
2368
27372
135
11976
2374
8943
17180
15223
846
17875
2385
8845
10800
5067
17462
20204
5007
11693
1073
16846
23662
23850
24086
24753
30020
23309
30744
18670
16470
31990
14359
1440
26543
32707
20851
27236
16064
17255
10562
20247
9771
16533
13380
30238
16153
18494
4785
2231
17878
14487
17020
18986
10821
17112
18797
27782
28485
8355
13552
20235
193
12189
15911
24610
2756
21848
17786
25172
27290
19786
12638
27995
5525
5708
2253
12789
18343
7311
25208
18649
30409
30913
30308
10949
26255
11408
18489
22825
18969
10373
32045
15555
10521
7862
301
20693
14150
12642
9037
22426
31811
27746
19060
3563
3213
11178
20372
8660
10925
6395
27523
4481
29340
18017
31527
3404
12223
6856
9537
440
12446
18813
10686
2906
21030
25913
21275
18607
5818
19138
10012
17208
27669
7929
3195
765
17843
28595
10286
19751
26575
11872
13607
4116
10761
14120
3665
5311
5887
26307
2835
14127
8480
25841
11073
9483
11094
16663
24594
29490
24311
18975
1081
16595
14070
10865
19965
6146
19175
17497
12980
18851
15144
4836
21429
9177
10733
28380
8544
6160
27605
1839
27038
12057
3321
8072
949
1967
28243
16335
15356
3345
6606
27271
1720
6479
31219
12267
22969
20544
25832
1822
22891
11752
24800
16012
17947
1174
13041
4094
19299
31935
10178
29890
31707
4641
6195
14789
24587
1876
29359
2840
4147
23240
3235
14868
21769
28021
11752
24800
17478
17779
10995
14771
14942
9246
30935
2020
29571
2345
28961
19553
23195
12676
31201
12004
28003
10935
31012
2224
20945
12517
24958
21880
26905
16197
16404
31360
20900
143
794
21448
25004
9833
12896
19098
12547
7320
2621
24730
18679
3635
21393
5591
1559
18658
29321
24644
8216
13236
30741
3694
10446
19653
2293
26350
9155
29313
10132
8662
7322
8965
23765
30900
23304
21930
24140
32196
32727
8307
10036
12833
30455
31920
1021
28355
16215
13265
20202
9086
4539
18165
3804
13025
27804
370
20491
18824
31629
22564
26892
31486
13634
15622
27926
11764
25645
10257
20270
30001
6657
17459
12402
23117
20263
28826
32356
23236
9197
7260
25774
26554
24981
27644
10361
7249
30293
5664
18972
5643
14275
30242
17534
26225
15313
31006
28705
29870
4419
17264
29309
22929
3311
14953
14559
18425
16866
32650
18607
28494
3868
24636
11677
30026
30228
18067
193
10239
10792
21857
27269
24717
31035
2911
7072
15052
21244
3807
2085
17802
19555
7470
12880
8932
2552
1614
2358
14241
31715
8022
19020
1103
19316
11134
29493
4688
17003
25957
9205
720
20730
4032
22599
17689
10235
17994
6527
17777
8605
11639
14555
1352
27455
6376
17657
282
4093
20068
17316
4103
9184
11438
17360
1226
25722
13088
6740
18258
11312
12456
3683
25063
4622
15966
24995
5198
211
7042
31264
27437
29768
1628
808
6500
25788
18191
7342
25776
13574
20247
10090
24268
14378
4550
26263
24442
6211
4018
3789
17386
4350
30899
27658
23367
3227
17817
4033
8189
17151
15474
29214
26837
32503
30688
8379
7349
9875
17292
30493
10071
4070
27997
29817
29979
3156
3306
3171
6005
26897
14325
20241
25431
27667
9383
30776
24177
4468
22440
23110
10188
32201
11763
13899
13284
16036
22492
24493
13327
2803
13405
3355
21644
16852
26967
28440
9279
26312
5927
3836
29893
20219
7036
6092
20776
7158
264
32040
19722
31906
30523
31486
26068
32298
32491
9039
31515
31461
24133
7715
739
28188
26676
25137
4670
8213
12525
895
6725
15984
27366
16339
21772
2438
23883
12162
19926
18446
11870
29604
13169
12042
6686
24950
15171
23652
7922
1352
18215
26520
12246
26092
16345
25609
5404
13394
10600
32147
21105
2423
24226
6225
10897
32668
7206
4423
11898
21045
4965
26187
12250
17061
8552
10246
27600
18079
31992
10663
21734
32619
15161
26228
2218
10273
27001
3588
14096
2918
11961
5251
3905
10238
28362
1325
10025
30198
17604
10631
18638
15615
23044
24765
6642
7922
8880
16138
12339
24682
24617
15790
21912
5031
30122
26807
1756
6342
6853
4174
3751
26873
19246
4096
3682
22755
31450
16163
18162
26884
4368
4573
2404
22964
31921
23357
24831
2753
22442
32066
17948
13677
1789
9316
31334
19003
4254
28860
5420
10858
32730
10171
16297
6102
9395
13744
12067
3179
16942
26446
3085
13584
23370
22481
11076
2695
15827
6405
18404
30037
11766
5942
18939
4223
11566
11133
6107
31074
17052
13215
30104
10695
27282
24406
4023
7075
26307
12128
31679
27879
4103
25447
15127
25641
1646
18556
8716
5537
11228
598
28325
31397
14611
1635
22650
5211
29868
4124
29774
11501
7989
23261
27652
31071
1827
26110
17637
16519
27402
29863
15352
16994
22568
23394
8651
26055
3785
551
5258
12486
9708
18963
272
17137
11010
17117
28957
28476
21050
19568
24199
11744
30626
26101
2258
27940
12474
1031
9309
19143
518
21635
10171
30261
29565
22289
32162
26217
15013
9709
30557
11513
109
13160
1364
617
27872
7415
30946
11909
6671
1366
25688
10779
23394
11269
4999
17933
26150
12501
4352
18024
23453
7933
14781
13998
31920
31680
628
18226
27361
10583
18329
16914
18868
30561
19112
6348
22413
14038
23776
12886
11379
6132
10565
31727
14558
32107
5480
19901
24175
18568
18947
30411
4046
28356
8736
15018
19666
27099
276
13711
2966
18435
25951
31334
11940
19091
30699
20745
3145
7709
21734
16692
16996
18271
23834
4553
7685
25960
1054
4645
15735
24975
18835
26194
18240
4818
22794
9534
6133
14986
11763
25295
9393
5435
3718
15976
32585
692
14910
16603
27982
1411
17953
15272
23091
2619
21141
30152
6380
3004
3155
16668
26782
16977
17264
5629
1006
6151
20818
2381
10705
7503
1987
23501
2714
11675
31025
64
21373
23614
5032
18542
13948
7802
17842
28633
17447
30802
13825
30053
14451
13894
31825
9223
31581
30406
17297
19720
2497
29388
19218
3375
16991
5547
24078
135
11982
2227
3708
1907
20356
24596
18872
12796
13809
4814
15191
3384
20245
22594
25557
26894
11488
27306
20135
15219
23533
1568
27841
2196
26418
18616
18001
11853
4735
22714
30690
7106
4228
27293
17677
23681
2223
26907
29727
29036
9384
7744
9225
14352
5388
19729
24407
7113
2176
12266
21697
31419
28638
18528
22341
2873
7659
23074
5535
9414
22673
19159
23141
6827
19785
30123
7107
21637
2552
18908
11097
1015
7965
18477
29846
15670
26601
9172
26939
21198
8265
28679
402
9122
28862
23551
3954
3251
27490
3025
4277
26375
7452
7481
12158
25716
20899
23547
13384
15571
30886
4646
22338
28608
15854
15657
7244
26013
24065
16714
13888
30003
3193
31142
21545
16885
24758
15242
13397
2426
12674
4239
26390
19828
3945
2961
19568
20984
10670
12572
3516
9883
22766
29867
7615
25468
20086
18593
10123
27133
32443
12162
17877
21375
18737
8619
25178
18222
7980
29505
13907
12902
32574
13011
4785
22015
548
14767
22653
17750
29118
23470
24398
21127
29326
19620
29017
30223
11120
28281
627
1648
3889
19316
22711
3922
30497
1242
860
17936
7518
30396
13763
31820
14657
15961
27257
2002
2046
12576
4996
24980
26368
9988
4833
15453
21872
17261
16351
1578
13719
9394
23418
11794
32464
4776
1935
8962
15388
26999
6756
20042
13066
5765
403
20387
25216
2506
21777
30436
12361
32460
15520
25153
6168
29885
24488
18074
32329
5671
16647
14827
27717
11520
9746
24225
29692
4303
31123
2363
17341
16619
330
26643
4872
5562
13799
22556
1251
8275
7009
26531
25503
28825
6349
4881
13760
3694
1225
1563
6973
31573
25867
7810
9749
3699
15685
5154
30889
28010
15147
1185
24582
18778
4904
12241
24552
24495
31416
29771
14813
2893
23357
4751
24698
29448
6529
26493
875
5944
9209
11698
28789
10374
25419
26573
27009
12052
9815
23669
18176
6503
13447
1902
18947
20301
22265
4528
24733
23950
25206
17727
21270
15318
6658
2007
22490
3802
9043
12904
26596
7534
15393
6608
23758
30692
26861
20471
25985
3459
29541
2822
13822
7357
16456
15121
615
3914
19004
9545
21776
27635
26788
24103
8962
5242
30517
13057
10720
1703
29843
32184
7661
19509
17404
31774
32362
11750
26493
5915
2609
6810
17928
3162
17939
1041
25116
10196
21033
14202
19342
10559
27335
28817
4223
5107
25991
4809
32552
32388
17011
5256
11254
510
1249
15650
25779
10018
30553
24290
907
8930
16742
13065
29167
22975
19907
28246
7518
31858
27438
2375
9553
7905
20867
4045
9107
27885
18585
6397
7573
5994
5596
18354
28455
15884
4431
27098
21639
31193
21048
29877
9037
15908
18267
14588
16263
3301
17990
14956
27575
30145
10462
6905
14406
1479
28643
610
4200
12385
5340
22425
12350
20717
15720
536
12660
11937
23969
15795
20835
27487
1741
21602
7489
30854
9031
19894
20114
4987
14374
21692
21438
26189
28873
14684
17968
14195
14335
2816
26904
5689
30275
22281
14736
10270
13321
5636
6757
9725
23225
18260
15242
13960
7851
9133
1736
9760
16385
11058
6351
728
18403
9441
8088
24053
13129
26969
23669
25332
7180
3052
501
5790
25779
8513
13123
26492
13044
963
3169
17289
8334
2644
20525
9601
31184
11968
8905
32530
9377
7622
5269
2960
25230
6974
13205
29075
3101
2462
24252
10371
8954
15516
12324
22932
11423
2909
246
27294
11840
22330
19276
2935
24271
28889
1040
32118
13128
28108
28754
24369
19741
7613
30580
3358
2671
24227
1238
8855
780
5173
12685
21793
7446
32609
10306
18084
6056
8003
724
458
29064
9616
17195
7770
28038
23870
32295
2603
9670
10916
22838
9629
8941
2302
6362
18813
17310
6641
12264
26275
27782
44
1267
15933
30885
22268
31998
13425
13632
9536
18479
30102
23694
10945
28348
4306
32176
23467
12859
18846
4174
18016
173
13413
5541
31910
29864
14541
8361
27056
12133
20279
27204
17199
16152
15695
13965
31810
15812
14430
17227
19883
25125
10899
16339
1870
24094
25375
27109
29626
7044
14249
23243
7934
12788
4136
21404
20142
19934
31982
28463
27064
12951
20804
3042
29485
1772
19322
32491
5058
13645
5676
14010
31363
22078
25819
22847
7629
23915
6351
9972
6678
5963
14753
31414
5375
28400
8114
8839
10115
28979
29988
1160
25294
5139
11476
3975
2038
28347
15659
21947
856
18508
20379
25644
10514
12553
11203
28859
4247
15196
28751
21632
16920
24461
10739
30645
12553
7883
2975
22555
15279
6072
29111
10842
6210
28764
29861
17024
15575
16089
7611
28530
26586
29705
21513
18580
31620
14528
19820
5335
24412
12264
15002
28073
3949
9624
971
4150
27016
23697
15864
29356
9586
27000
1934
11072
13711
23685
13777
485
4673
24629
11020
9634
10931
27908
20502
29138
25239
16359
621
30561
9422
25314
21195
6566
10161
19625
11946
32276
2123
26073
472
20944
24165
8215
982
32618
23553
15564
16227
23344
28515
26373
28971
2967
14206
23950
7484
1878
26409
6124
12656
27154
29751
4766
13768
7264
9233
17554
27153
23353
12326
10589
17156
3833
22810
18804
32667
6462
20558
15165
2560
19688
25553
15710
1522
8956
20912
17520
20853
29373
5094
9156
21199
31521
22305
23177
14813
26397
8939
1110
22809
9781
658
30107
28050
30234
15037
10822
4978
20973
18488
24147
16257
10040
2332
28118
25761
12404
2607
29578
28379
10363
32480
2706
29754
12780
27377
6610
26201
18714
31083
9415
11797
26342
25931
18298
28040
7752
13488
16575
11020
30246
22575
16278
25241
3221
1141
3624
27015
12351
21750
11887
13127
4204
29492
2622
23634
27536
7817
31233
27448
16427
1331
6956
30260
29464
26613
14565
20088
8789
32302
26409
30943
29349
240
25146
5744
4697
10319
18892
28060
27354
16054
26889
2030
3710
15013
27165
20041
22419
4070
5537
14519
26969
7663
5085
1313
21280
18871
3949
31524
31089
28142
5770
2502
8412
23842
10692
1603
361
13822
3232
546
10652
17013
9784
4357
11088
1857
3468
28038
5244
2501
16086
14076
4491
9984
27872
156
18047
7899
27365
7453
28625
13244
18751
30873
13199
28413
28835
27910
14031
16216
19840
19525
2905
16171
30320
23904
23760
31995
9874
16706
27765
8509
26116
7605
26135
16664
20626
3111
26753
5745
5134
7265
16198
12829
32159
16857
17272
3553
16086
15624
9310
10320
30956
190
30972
3432
5726
13842
28379
23379
2176
22568
12783
29538
8301
27569
17779
7127
28734
5273
29919
24557
27429
16126
18401
30703
22686
14150
31715
29693
8330
26505
29006
18588
31653
32623
14900
13548
11648
3595
3039
18160
6800
3063
15417
742
20174
32398
12232
26479
24258
15302
11359
12490
30356
26800
26769
23051
26726
4996
26448
27629
7350
17507
15076
11602
27981
3846
10757
16977
11468
4539
25974
13120
27270
25885
1067
13750
25605
19018
22422
26178
2862
25629
22894
27172
4487
31363
30665
11488
1788
11703
23571
7770
19395
6565
29958
31369
23305
14489
2928
15523
19791
22192
32014
27676
24399
7777
24765
29340
19372
12525
21080
7813
23392
23623
29897
24158
14992
21104
23575
7701
23772
19752
2291
32661
3623
17205
27368
27897
12830
17228
32273
15106
11978
11064
3205
16228
2980
18549
25518
24288
28857
31267
26909
11226
26286
10951
27158
14016
583
27391
17613
11819
930
7397
8650
23875
25344
31344
24481
31641
19092
20458
4804
6723
5715
1534
3779
18081
8355
3494
22045
15332
25634
27361
2352
12533
20603
31131
31880
30996
6634
6887
664
18973
18588
16216
11303
3056
24259
15818
20178
6467
4563
5260
59
21136
19702
5546
26724
20645
121
5483
21807
25801
9083
32002
21677
26940
17117
8669
19326
11597
509
29868
40
1277
3959
501
27629
13495
16843
22635
19778
5711
21830
14388
30630
27913
7767
28806
12372
27435
28919
2068
3757
27660
32659
14055
21296
23140
2363
22366
30496
8989
22758
17988
23243
29075
21719
12492
28657
17118
12036
2519
2433
8758
11514
20077
6484
6496
30539
25627
6252
3190
28222
12897
7584
22822
8985
8984
16998
9748
19182
29775
25862
22430
18839
14513
6929
7174
20732
2613
16029
29049
648
19843
27780
27957
1597
29425
2376
25469
9346
25806
30230
23793
7509
18725
1785
1582
14648
26595
1718
31618
26080
25815
9423
31471
6691
4004
3429
9072
14940
21095
8846
30986
18490
17021
23117
27109
20029
1345
9190
2333
12574
7555
27373
8400
24266
19685
22058
7541
13370
32511
15326
10518
26927
12987
29896
5588
23138
2332
15030
29573
10315
1822
5939
23837
21106
13066
4737
12004
15532
1096
21134
28528
25943
7997
11610
16817
346
3452
22986
14123
13349
3367
26006
19976
12233
12535
26251
20305
12950
23817
273
7732
5523
13110
21874
23018
28815
15429
12558
30828
15965
2560
58
14526
25884
12478
28980
30777
5256
19888
52
5884
3423
22972
16426
11264
6924
18275
9115
21077
20995
23784
19522
21826
792
25169
67
29178
17828
5569
20168
18941
32739
26376
11806
31230
28336
15910
28773
5559
23362
1764
21539
2480
28489
26216
12577
6329
28010
24148
20998
21328
32146
13156
28279
1007
14970
13426
29007
7102
16138
31012
16911
12274
6199
24143
10317
4226
14670
26774
4998
28096
24192
19620
6491
25292
10980
9917
22486
3995
17670
27192
6409
13783
15991
17400
6363
2191
12466
4509
9625
3894
11022
10704
32614
8490
21325
171
23123
6028
29635
13770
14973
24533
8163
20564
2368
6707
6509
22478
15904
25441
13907
5943
17835
21060
12485
10893
29752
3636
2224
32121
18960
13197
28552
7288
6683
164
7361
10366
17370
32244
25366
24511
9506
254
27732
1227
12154
2499
8959
30682
10473
4024
1722
5331
3934
23381
29207
23322
22939
1606
13824
2805
26685
11453
24701
16074
25823
16159
2669
5460
3398
15305
8479
17488
31707
25962
20138
25071
26261
19190
25906
24036
2263
10970
1840
394
31902
25550
12336
24902
10991
16933
16232
28634
13018
2347
14019
24328
12913
7356
1805
10116
15445
10218
31535
29910
30785
2582
8769
18524
29859
13445
31166
29014
2788
30515
3807
30325
26521
1047
22422
16390
19358
11469
8582
14459
29298
3913
9880
13228
13875
2716
7392
15313
2246
28078
28844
26058
11705
24159
17825
1279
18389
30723
23830
418
18690
5379
5570
13031
8898
8155
25142
28989
14641
9326
20849
6985
4618
11061
5709
775
1233
11391
24644
9989
20716
8833
20913
15970
29207
28083
27931
29878
21284
24450
29963
15838
6848
21493
28486
26637
15738
19372
17922
1374
17395
29715
24414
27769
19380
31835
29916
27357
13531
31336
31324
20888
11869
31615
32174
18484
26180
10533
5483
18423
2794
11055
14191
19560
1500
9416
9449
9360
26797
21152
913
25352
26508
27969
14647
12708
30009
787
12434
18446
8046
571
21420
29516
10887
8993
16907
32468
7891
20751
5715
26212
388
3828
28843
647
20210
10987
28890
24626
31604
23537
21695
9900
17319
8595
3393
21860
27830
28224
19877
15918
16586
18776
24246
28365
4947
11979
22722
16245
27816
32439
21827
29303
9205
20504
10860
15364
10772
28190
22684
10097
6068
12446
31569
8743
13451
15454
19642
31477
9531
2294
7387
24359
14585
20038
674
19794
28614
13436
1799
6280
17818
19946
6130
27929
5763
734
12857
21202
2923
11281
26530
26404
28346
8458
12175
31846
3008
31823
20092
29145
21354
18446
4647
29402
27756
10824
9687
23099
5284
103
23519
14684
19722
9885
30465
31048
12630
26662
16408
13994
6103
18949
2543
22560
9699
2717
12007
28933
26798
19725
4506
18801
14875
30678
15176
24255
17565
21251
22687
24245
22791
27279
3785
450
31886
9871
28828
16307
7453
27406
15661
9386
13714
26219
1723
2768
23349
32100
27277
12270
12606
214
8189
1186
5880
2470
22126
11654
4268
31774
8134
32086
27402
19572
32342
12709
27784
10982
6935
29277
4006
16014
10841
32505
15562
2694
6924
4829
18947
435
22042
23800
10869
10785
4364
28019
12064
382
2261
14002
1535
6367
24374
11713
17503
5794
20176
14513
15564
31185
30607
28730
10374
6940
9945
17507
18505
31750
13405
21192
3978
32187
22061
12171
12571
5438
11333
2224
31683
943
13668
26176
24806
32203
25760
22591
16120
1631
10452
9714
7483
3116
25742
2259
28085
7242
5867
10236
9742
11955
19258
26513
3988
15164
20235
12861
4693
25077
11234
10627
30410
632
29524
9283
9531
8781
4628
4457
18846
31555
6132
14192
30311
30482
12451
24543
26670
15976
27240
18620
26606
22013
24030
13390
30998
3346
21310
8819
1099
15656
8052
9503
1900
2976
9418
23682
32505
587
10402
30143
15514
27868
2395
2515
12852
30097
19723
28910
24721
31777
873
2341
5179
5803
2776
3538
27345
5345
29237
28669
16064
14961
28295
9811
3798
13854
11639
9759
17130
8142
13054
9550
20046
78
27239
26624
9330
4667
8266
13055
15295
3103
15584
1756
30296
22640
19369
1610
14323
10419
9961
23745
13243
19905
31554
8502
5319
12214
18747
2863
3898
9377
4125
24394
10200
15853
26444
15038
4993
28871
30925
23587
30590
16038
4419
12881
3942
14227
20321
22748
19633
22675
26224
15436
26656
25861
25858
26301
5173
27285
709
28767
3103
9196
7637
15798
6578
26341
18869
6224
24818
14268
8078
17695
18202
31542
24863
1623
9943
5772
30021
30029
13042
5174
20143
21374
27731
8639
27393
22629
26599
27384
18991
7315
19574
31707
896
4349
28753
27352
30560
29719
21031
6660
2733
27914
20479
24112
22981
24520
31514
20383
26473
11162
14051
28815
29930
22565
29914
12972
28401
15304
22296
13513
11170
24709
20069
22330
7317
23445
26824
32121
4292
28214
30958
148
12310
7407
1631
30318
31712
29992
4662
1670
21844
30615
11168
3452
21614
4253
4856
19808
6047
11847
16920
22843
9716
24165
7160
20245
849
28063
17762
19506
12202
17195
15399
21513
30749
11114
10700
8935
16921
28221
10852
6664
20125
27802
20431
7003
23852
4976
3407
18409
5006
14498
28391
9329
8522
29052
3011
11351
15184
8327
585
21441
17876
23412
99
26185
20514
24649
25057
4176
26549
7095
19128
13727
15760
16655
21058
177
8797
9976
22658
21101
31646
672
30174
27417
1461
13767
8579
18799
31793
12963
10783
21977
7064
31533
28796
31779
23851
30766
31449
22199
20284
20170
29632
789
455
31259
30360
8133
10524
16636
12245
20684
21930
9893
20038
30734
29140
12187
3770
5098
7222
17107
19109
28352
28287
4533
26181
30445
20107
18480
16948
14126
2318
20691
28702
31778
10959
14148
23003
15431
22284
9812
19913
21564
14115
9565
31482
6649
4469
4932
21331
11799
6879
27683
2391
19187
12271
10561
29467
7720
20605
372
854
31067
31241
31476
17710
23571
21191
7684
22302
233
245
10885
17600
13549
1973
31059
22287
20717
5170
11426
32321
12453
19344
362
22538
31938
25531
30348
2187
2332
7878
5331
9251
26918
8751
28087
17313
12643
6400
25969
3108
9472
6502
3939
30620
19368
25573
19096
615
7179
17426
26318
3617
3139
8238
26854
18833
29170
7890
2159
16625
10360
14164
13946
25000
29779
823
26795
14369
3934
15514
482
32246
12841
32592
1200
12894
19310
8117
16988
28249
26400
15405
29625
29137
2883
5056
6118
1628
2398
9685
6012
18460
28664
11488
393
11442
26658
10042
16904
15345
24512
22314
28798
23952
27107
27822
18365
25286
15130
26939
32402
2645
6216
16197
5064
10525
29492
13581
11868
24850
18578
11195
30122
25575
8189
6539
15280
9844
20206
18256
32329
9611
21591
14166
8944
27763
19252
1311
25354
28917
3837
2891
9621
4215
15753
11884
32118
1365
18058
20801
12938
2876
12659
12404
7660
7391
12082
12673
14547
15649
28113
4653
2004
6462
30881
23411
2808
336
14404
1158
3558
14347
25218
20497
6586
29235
23157
8096
25848
2547
9781
16007
27804
27095
14295
32640
25554
1760
21547
30101
24235
26771
25153
4800
1681
14803
25452
3115
17938
11424
15362
3500
11277
7879
20942
947
19711
25841
21967
5229
9175
27957
21322
18092
25159
2563
22316
20123
17199
10676
12035
1514
18527
1769
24496
14042
22418
31019
2169
5910
26903
32073
28607
6371
27979
20520
29533
5872
13475
3755
1825
20620
147
14535
20635
12735
29291
13717
18449
31824
20400
2488
4864
5252
2605
22815
3374
30151
9391
2271
10773
10594
27607
25920
212
671
3356
5134
29092
25025
23750
21133
25701
20615
5699
2646
9309
28848
4277
10180
22013
28326
17539
20596
28717
30710
5378
8124
773
5875
7207
27356
27330
19051
13504
15905
22075
14874
12870
18389
17584
1531
7183
15770
20387
24658
23604
29752
14788
26610
8504
25022
21722
4533
13300
5445
23811
24062
14879
22373
26718
6276
18493
8715
32466
30303
17527
28117
22070
4085
28290
30462
3017
29158
26432
4937
1163
20976
19851
32272
25254
23064
29717
8016
13990
30284
22286
17906
16382
7711
20154
5512
12510
13824
1758
747
32261
22754
383
11058
19433
9431
24086
5062
1803
749
17639
31263
9757
21521
12515
17762
31000
29304
24855
27517
16661
4241
32059
12119
6471
11335
28568
1265
31302
3820
8506
9264
21807
10147
9172
25239
27902
30729
26487
20424
12559
18475
24812
18525
27716
26803
32748
15933
8467
28617
854
21803
25389
5789
7139
9724
27725
11120
25778
628
2582
28005
877
28522
22482
7431
16524
14994
32580
5664
6889
5284
30853
25884
16449
28816
29051
31683
28432
5078
10765
28355
5326
17335
10990
32543
32267
20154
18792
8251
9430
22917
27430
11470
5140
20895
29121
4804
30072
14458
7758
26512
12829
7316
6616
5170
5236
3645
8293
6585
5390
10539
4253
21697
27147
27545
23271
8193
5116
1882
30586
17301
31039
8416
11088
16480
11253
3052
30913
15487
13511
1299
8465
8023
12243
11030
6342
18810
12122
4731
16756
17979
12952
14753
8220
23134
3525
25353
8159
27899
25301
28466
15756
30033
16705
14113
14598
22997
11677
9252
7720
627
12444
20779
8076
18838
8060
25988
23049
30009
5802
4245
10375
29375
6653
6566
13379
13848
31864
22166
26222
22079
5182
4044
19569
20177
21982
24424
24825
12295
15616
30070
121
31752
26299
23102
6239
31285
29907
19388
23799
26256
14235
10921
648
5417
14014
5964
6861
26350
19
24014
20646
18195
9716
9598
18531
21915
3437
32251
27575
25992
5912
24837
23819
2685
19487
3858
13934
7043
2953
20663
5401
19992
14987
7754
17167
24164
13621
31471
5396
7938
11144
28632
19370
17523
14712
2063
29349
19970
24374
29922
23369
3916
2436
7821
24998
4989
6302
21592
13957
23760
18134
4913
25553
24707
30358
28958
12800
4370
18994
10198
31153
20019
30327
30744
17746
11186
937
13141
29478
11715
10006
8328
18647
23362
2604
11521
7712
23495
12938
26959
27890
16663
20772
13891
12800
6463
1343
15743
6445
30746
6810
23752
30242
19657
30923
2766
459
4375
23652
28630
16921
11937
2330
29788
25155
22266
28381
25388
5633
463
14926
27743
27432
19862
31660
23047
10647
7442
30215
7962
4594
32089
17164
5307
28771
9736
18011
14772
4406
15999
28196
7018
12698
269
29986
14194
1998
22078
17645
8275
29218
6228
13842
32702
17760
22641
15893
13368
3911
15546
8727
16270
29401
24626
32633
1896
2193
726
27268
2209
25929
20988
1445
4564
5970
7870
19076
24864
2482
31159
18646
7372
21068
24843
23893
3597
30772
30544
22037
18638
15379
6035
8150
785
23866
3131
29391
18929
14984
13406
979
552
1778
31863
383
13674
5646
15704
7077
5536
1482
21901
32217
23212
16090
10043
1173
12021
28232
3589
1808
17058
14077
24110
22159
21770
27351
4052
3724
3968
8072
24232
32666
27702
27628
24654
25032
6064
1893
24838
4508
17072
25897
14339
26015
13916
14933
14938
10470
11217
9697
32032
31159
27661
28315
13561
12817
5303
31617
13005
6761
2534
20430
17219
30107
7350
27758
4085
30648
16891
1368
3870
28629
23601
31173
4124
22487
5949
29464
2225
7067
9283
30344
28833
15279
18310
4798
14042
30284
8644
8885
11523
23539
27196
25658
11227
9120
28203
22720
11412
13636
7694
5102
8382
14256
14537
15372
29750
31190
16455
5360
23035
19934
21210
30382
20100
24357
18502
3598
6098
13044
2294
13626
31998
24111
389
6126
29919
2333
21592
12000
9387
7359
32445
27353
13680
27675
3712
10376
18608
22073
16555
15032
10756
15446
29104
326
17777
14970
10979
8110
26520
22301
20675
30407
24218
22842
325
2536
14370
8913
4312
28703
4781
20603
18571
24340
17862
30011
3939
15745
1668
5250
1138
32765
9034
31427
16141
23399
31569
18395
28148
5334
29762
25826
26100
26527
24986
14821
23598
7851
6005
18024
1987
5828
15270
17000
14924
27776
22012
9221
9761
6302
8683
20665
1306
12959
14748
24481
8706
31216
23544
9443
27313
8826
19675
17660
10314
12850
8275
18775
18104
471
10061
7701
13390
11178
11732
951
21952
24457
18583
21985
21166
13438
4347
4881
6715
9321
25788
20423
28427
26401
1978
12861
3472
24294
25611
14954
5907
14521
5701
29874
22466
18384
31070
17465
15718
31713
32589
13428
26682
7875
20744
14410
9954
18016
29254
26494
27171
7356
31483
10757
19635
18497
25107
21314
12004
23389
21168
30219
7637
17118
5822
13483
18737
12121
18242
32508
10841
28238
11422
4910
13117
5257
1607
11375
25366
15295
21376
5472
31355
27173
11232
21189
14383
827
16454
19867
2950
23996
14982
19012
233
19286
25465
5423
22677
823
15634
7157
14186
31049
5988
11406
13592
14495
5494
19150
13003
22513
6168
30487
24799
5128
6846
24494
10750
1085
14331
18654
23913
14872
18623
32409
27163
28034
25411
23807
18372
7115
25606
27585
19070
14401
9463
11007
4494
14805
5250
1757
2369
29132
32727
29105
4998
11314
6495
25410
23179
9052
3549
28208
5187
19551
22696
17235
5452
29456
30866
21847
32123
190
11550
23979
1970
8536
32002
17992
6766
18336
29887
29342
7710
20799
19852
3198
23003
16519
666
22650
9937
10801
17472
10214
11814
4600
13896
17692
7437
413
30763
12680
17919
10898
7094
15176
1535
23300
26664
21298
30775
31679
5520
8780
2571
11511
3484
10420
23846
27798
13563
11885
5361
31096
18876
288
12329
25440
256
24739
26439
26701
16321
5783
13246
25679
4141
1047
9178
12722
20127
29474
29372
25562
30457
12272
855
18430
31916
22804
22818
2886
11614
29674
30936
20150
18382
9584
16125
19922
11816
30262
12757
3447
27795
17122
8171
19741
12934
26912
31700
11617
22228
25532
22971
11041
3154
24328
14992
12124
3650
22913
27812
2150
16786
8991
14565
10702
4476
119
22422
3293
11188
23913
16165
31801
12817
21950
19234
31202
32002
26777
31033
18246
9225
28291
3458
25579
11988
24613
22315
6066
4956
9897
2617
21083
31478
3375
12923
21164
12780
32128
10184
9225
8914
30898
8920
4644
20597
14102
7688
14055
26311
2434
3251
16236
13558
30841
10128
29019
12357
13449
5154
23263
282
13723
2241
27579
4380
26074
16044
32481
6927
26412
1764
6265
23176
26887
11877
19662
11112
7948
2536
26996
11899
14146
226
4687
25193
12735
17204
4347
3478
12745
31885
5538
22358
19315
21530
7402
1126
28446
22230
5954
29752
26372
3677
19078
14935
24965
32180
14208
162
15766
2388
4468
17637
15695
28422
3716
32229
25906
26155
1116
16767
9581
18509
25905
10059
29934
15798
17853
22696
17614
22850
7558
2243
9507
21091
28515
27864
6920
9156
30924
16006
550
16584
27406
22415
25287
21404
2640
4163
26640
2372
23226
14115
6288
22693
17636
14897
7700
27967
20251
28617
18491
28101
12779
22189
2001
14986
10942
8800
26574
30531
52
31431
831
16197
12368
31588
9749
17145
14672
14417
10646
16633
23194
23726
13182
21722
3020
22491
18896
28984
15516
1123
11215
2654
14548
15677
4903
31328
18519
29595
26397
32566
21441
2310
1565
24309
31426
30544
6284
15854
8725
10611
25245
1563
2919
22008
16727
26327
2648
11614
27031
28570
24102
17499
7857
6106
8296
19357
26792
10776
5551
25648
22744
32662
32175
12653
9812
17867
17683
12003
23049
9835
13252
19011
25920
7778
24342
20254
21423
6090
18418
21415
21762
30327
8594
2960
6240
13935
17970
12159
26348
32544
23447
1376
4392
9709
6659
1882
7533
1567
3247
11498
13465
21527
31670
29489
3192
9501
31685
28459
1578
19650
24740
30246
24946
27798
1097
15980
17494
8801
31938
17336
26932
9419
30688
14500
3094
22010
1070
24563
10887
24400
4961
19993
22542
18681
31515
19745
19384
13255
9564
27313
25119
25430
691
6502
6575
8731
9444
17551
3499
14495
12622
16099
10004
13541
5873
4690
8494
5713
9392
26833
6650
7785
16632
2978
13735
1552
7318
20494
24215
10923
18216
13934
25145
28222
3134
432
5509
283
29900
9065
19115
7012
12623
516
13322
20574
3432
23604
22306
7414
24244
24213
27890
7865
9444
26073
31660
32760
18909
25000
6250
6532
7553
23015
5654
4598
18659
14761
29033
24133
2527
14554
2181
30420
4130
1823
7975
22502
20923
14388
22372
31748
7604
25491
8468
27255
6097
28374
12563
13195
8543
5110
21474
18459
32614
25099
26083
349
20319
14583
26136
27012
4102
5590
30426
26018
11434
28641
12968
17546
5599
25329
456
28234
788
30311
6169
31587
32080
29968
28953
23161
19418
1009
689
24301
18466
29653
30212
6743
32550
10972
50
16021
23260
30977
29549
30123
22255
13375
21402
8281
217
5734
8229
17384
13251
2210
8051
7012
9587
19969
18153
16373
29189
22571
23846
12226
24805
32487
10926
8810
7696
21718
30687
5551
5968
26964
13751
19608
5565
28942
376
7936
2157
3206
14838
28401
17890
13658
6121
25895
20073
16581
10548
13638
21035
24428
12751
7763
27241
4143
19335
9058
5609
7492
10351
5151
7486
28853
6797
27773
3140
22190
30153
22123
27316
8671
2040
12304
20059
6105
15674
25796
17955
4280
5595
9845
30154
20304
21786
10474
1683
17537
18250
26604
21024
12799
10232
15597
24851
30366
4031
6267
32697
14240
25545
5993
18371
6201
1993
25376
3717
16947
3515
22616
11253
10263
19844
20194
1846
8937
12531
4351
16907
23358
5987
6203
15711
20224
32500
373
1392
15035
8119
22877
31990
14125
22526
26180
23363
31026
12172
27600
16835
21486
20982
4264
21041
25253
12102
3564
18230
6493
29794
9178
7655
26864
17298
30371
24363
9469
32744
29196
3265
28552
7451
8762
7707
6149
14301
4971
22043
6376
16773
16965
2856
12441
17487
29120
16330
30786
13373
23434
8872
21642
25394
9012
14658
10731
1418
15422
6537
24586
16126
3746
10984
29939
28265
5398
28712
10970
24937
29703
22534
14475
16316
8116
783
22129
22686
5015
20980
1939
2867
23795
26652
6052
17801
19923
6884
29929
3213
5514
1686
20024
10661
14167
14036
13055
31132
26494
30886
23815
27350
15014
2362
18700
32666
19208
25794
21765
9171
680
32196
16538
21562
6456
7546
9681
30606
2097
6871
19892
24850
16132
30255
9782
15923
15657
15399
5211
12234
26414
23363
26411
550
28623
21509
19889
23948
1408
23577
25549
25491
8342
12752
12129
31826
19938
30106
16594
6406
9488
27668
6073
26726
16851
2959
28143
25478
4748
11474
8459
14528
7852
8046
7115
27847
2737
15982
24250
4258
5965
29462
6354
9692
9421
22476
9870
14595
25499
26094
18329
23795
20010
17946
26803
2116
20572
31463
305
24738
7178
12983
14597
16042
6631
5629
22001
10043
10675
25555
19459
7724
31796
8074
16198
4257
15649
30256
18955
9216
711
23576
29935
31032
3269
11920
31556
27257
17133
26380
14399
29779
8423
8522
28366
22955
19166
24265
1998
9388
27424
3727
24479
27999
12335
28847
20013
18794
20076
29139
14757
30407
18466
5009
15892
13878
29268
25318
16796
24713
13395
24333
11905
3273
23485
1837
545
7045
3643
3667
26965
11927
26049
29072
16508
31474
7178
23759
32503
31994
21808
28557
23463
26178
6505
2886
20829
7787
24863
25078
6159
26439
16001
31700
10521
7994
11040
24533
31365
15151
20463
29533
18150
25702
16769
513
29953
11456
8710
12000
1060
1768
26167
21974
18306
7779
6641
6969
13523
19988
29913
5537
6077
19067
22317
7626
7561
8072
25142
25894
25080
24703
20444
31887
28638
23315
28677
28897
1457
17762
19062
5156
24540
14656
20276
28263
20582
24008
16204
10784
1238
25296
2889
7281
2352
26750
19568
19057
22605
6102
14692
279
8070
4037
1646
15896
17735
23750
1369
17582
16323
30682
4194
18890
23194
17448
22366
10202
12259
12634
1512
774
21179
2874
27872
13113
30460
5597
24936
10765
17283
24623
24289
24395
29165
13673
10555
5958
26730
18549
12418
4858
6094
6952
20004
27276
6596
15738
8216
30536
20623
20459
17837
19179
9071
13961
5476
16052
24670
8437
2775
9531
19844
30248
10079
7868
2624
20880
20391
30768
2428
4486
21546
23055
11359
32239
18957
23637
22094
18537
9609
23021
14494
5594
9889
5731
3601
25655
7302
29990
3038
30104
19392
8852
28550
29816
24229
9039
18046
17338
14208
18258
22065
24425
16182
31380
26781
23065
25341
24023
13147
23836
24385
30405
5255
8367
13699
7991
31383
5020
16011
10238
31209
24747
12811
25680
21567
10912
14387
1916
3134
13920
10656
26409
2154
19781
1391
20772
18154
26732
23820
13364
13530
12371
218
24620
24994
2748
6255
6661
111
21388
1254
11630
30587
29635
29477
1508
7809
21637
24546
11756
17218
10902
32396
23514
5318
18824
30745
28661
13184
5175
20003
30874
22056
15107
23183
30077
14538
18112
25469
11229
25880
29179
3800
27158
20664
2252
10397
6558
20443
29203
10879
29464
28706
9132
17175
4302
31056
5523
16028
30838
3861
20198
10910
1510
16560
25079
23019
25784
14587
7043
3426
32743
15052
19358
31250
31387
9101
26015
11462
26188
20285
16097
26226
32490
28392
29385
31997
15952
11286
25938
3869
5359
20852
939
29167
1595
8843
15732
10844
19481
4594
16248
1033
32000
7958
15236
27480
32078
21071
32684
5975
17623
3984
18885
19546
13916
19885
8854
3975
28468
10698
7908
1826
4636
19494
11034
31547
8368
9502
211
30165
31680
11981
5212
24895
6999
6521
10942
14106
31686
5728
24469
23049
7655
22109
11395
4013
19737
18236
717
16424
9839
9318
14900
9262
6360
3342
32457
25082
18147
957
547
17784
22347
175
727
16201
23054
6668
16379
10776
29827
13001
9420
32060
1916
8812
25440
3927
30492
23988
21481
23329
9404
20938
16539
23655
1971
24836
19699
4759
8867
16969
25034
553
22395
26967
30235
11658
21730
6174
12072
29186
1168
18143
10552
31888
663
12895
17612
9822
14931
5413
4800
30749
20027
23128
27778
22321
27797
30334
27666
30481
9097
979
21032
5428
11217
17867
30600
17694
31167
20690
10513
9755
12571
16607
17618
17291
22739
11098
6394
7295
24632
20012
25630
24277
12304
26525
26881
17872
7778
8235
20100
17309
11420
308
32558
10478
31788
6385
27204
23934
24167
9665
27393
28623
20769
28814
12615
18998
6666
24474
20870
14031
1916
16543
8302
2985
9732
21224
12670
23559
30355
14224
13867
25407
25069
8121
5642
2388
19056
22062
26338
24863
13843
7066
28256
21344
5893
14816
3475
20925
14832
13599
24849
26713
21914
5664
32595
21576
8227
29676
4429
26810
10974
8113
2059
1140
5695
10168
27833
9386
29726
19469
14079
16913
26380
30911
14424
6267
14897
26508
425
16655
19896
11329
13029
8899
18562
9412
25420
11342
2145
3944
17232
3723
18123
26535
16361
17863
22682
6968
18870
11291
21498
11991
28900
3744
16470
1005
18798
21215
16571
7608
523
8578
27056
1625
17040
18150
10292
18868
17747
2526
18483
26041
12698
7292
17762
3401
1006
637
8699
11403
19343
21595
935
17209
13090
9715
20290
25297
11559
2811
26878
27791
13167
15212
7907
3165
21384
13687
6239
25544
16506
27209
28214
24968
21772
1679
19133
24514
22598
16167
8932
21746
28807
13892
15689
10464
56
3246
21788
6322
10663
1676
13122
747
28255
21191
6329
30080
18634
32670
18947
28202
15760
30383
29641
26207
13556
32357
32180
573
29374
13905
12553
2876
15932
20345
23845
17690
14891
24973
23746
9482
3920
12606
2899
234
25303
980
23190
28116
7288
14241
19731
15096
16063
18582
8881
16208
1712
11234
374
3705
11882
1302
21736
6756
2368
8964
835
19834
15920
29197
28743
16936
10339
9553
4647
27287
23523
16307
7548
15591
30587
24950
528
19933
19243
20115
6838
11667
27980
1476
3879
22385
7993
30662
30572
6195
23738
31222
21765
29297
8259
28420
28305
17364
18592
21551
1919
14983
9029
26891
19879
3175
26918
882
11179
22201
31376
20709
30534
5924
22819
19019
12169
19453
17828
30341
12175
31713
524
17418
24276
10741
1740
16706
255
5608
31973
20246
21378
5239
1296
4262
10291
20155
16078
22235
8298
19518
8426
5656
5397
21861
1920
6105
5268
31080
25153
4587
12275
21684
10346
6208
5560
6682
9788
32309
12542
23286
23247
12209
12386
6125
29513
21006
30901
17837
31599
6293
7230
9871
6666
10147
30648
9151
8760
9613
4888
11804
26990
12194
21642
8348
11394
21888
30967
9144
23729
31877
7607
10981
28761
8379
29685
21211
18827
20535
30434
10498
28496
31157
12845
14814
13631
13960
20301
11839
32596
7143
15454
15417
5865
22280
20531
17115
24
25402
21437
3336
28050
2233
20896
29072
21375
1697
31073
21564
12447
21013
17450
27931
28570
12334
24043
12562
16627
8182
7698
16440
170
3428
6091
23611
8559
7632
31319
6814
12708
4616
7856
19524
23858
14797
14380
28011
20951
18459
10926
24243
8739
32574
2394
10651
11776
10086
13695
10339
13895
4582
32269
4837
4988
3876
31862
12184
3686
13471
15502
14751
5113
7240
411
29257
27757
26079
13147
19997
16441
14037
10863
15149
3112
15503
13370
8191
12376
20700
15070
26617
1212
20414
1705
15361
20509
29060
2774
25436
9587
5040
8251
15049
1502
18112
29960
13621
13386
14023
20838
29475
27228
6154
7521
11139
5328
10440
21809
25153
26689
5320
19855
16016
32200
5871
21072
15475
14736
6341
18003
29392
1055
18286
31790
14546
22958
8513
997
6919
24988
24246
8794
19056
8820
19746
5126
32020
32242
14634
7394
6526
27329
25272
15434
31762
24704
9110
9242
12003
7460
30112
20213
2584
20850
23834
16966
25821
23810
26431
11546
17472
4256
27868
11703
20237
28884
7255
5198
15213
10422
30235
31179
27786
18404
25138
30357
3137
1331
21787
11610
5730
4631
7670
15096
2252
4510
28521
27914
15645
67
123
25908
22147
18587
16899
2068
10169
25486
6481
17195
737
14646
22472
21994
1692
604
17236
24172
12616
10502
29394
29518
19716
6454
1377
4211
9379
6545
21284
3410
25457
7761
8599
14339
1845
6017
9521
2234
25989
32275
11721
11838
29484
23073
17084
29781
15843
10018
12148
14807
24170
22942
4251
21687
4740
23677
21981
24305
11275
8861
25540
30687
5127
25639
3267
2610
17947
19854
30789
8009
25213
18642
16935
13677
16920
8278
9354
28387
23090
1302
22974
17551
12956
187
4993
12155
15073
3768
26728
31005
26827
32280
28698
4868
15351
22644
29265
31471
2045
22760
3232
18772
16448
216
1572
5256
28180
3721
12390
21445
31636
1182
12248
24991
4895
4050
22106
9793
32003
27421
23966
20054
8872
26876
18152
17465
12268
829
29025
25994
12613
16707
6071
10243
1698
26480
22885
3302
4317
14557
15304
25385
8439
8007
10876
27907
26154
19384
28266
1563
24916
21750
22103
25683
16891
32641
25475
32200
700
13693
14453
788
8348
17274
18368
13748
25164
12745
21539
12040
21012
2189
15118
27867
20161
30565
15904
11591
28038
14394
4095
19481
20582
5945
19537
28869
4697
20679
14968
27752
31752
28873
17945
11258
22928
3380
30795
7064
865
6281
28612
17463
31210
8065
24086
19938
21882
4019
27534
25894
16684
9153
4881
19188
16784
17450
2757
4856
9522
4716
9763
17625
12004
28393
18817
14767
20271
6274
1764
10068
7188
1914
20351
22565
9142
23544
19685
3619
14438
8944
28811
1327
27110
21231
6119
28842
2445
13565
18188
11627
21613
29746
29525
12683
12397
18815
8999
2116
20137
10113
18352
24740
32592
27937
10488
25230
4248
31777
1090
7678
13349
7045
6257
32093
7154
19523
19377
11290
18720
10613
22850
24443
25869
5026
3572
24632
28271
16800
1390
6154
2543
24568
6677
16120
24409
10854
19686
4308
6683
25024
21077
13297
25943
11039
11473
11969
4508
17332
19756
29355
31664
1921
5343
7931
18894
3999
19862
12168
9735
10107
13632
20276
16980
1785
7503
32529
11363
8747
20397
12194
17619
30153
29520
18997
3899
596
1559
32024
1510
9813
12609
26086
9708
15073
16732
29142
1476
15382
25130
31920
31289
25074
27310
23414
4908
23679
1305
6316
4922
26867
20995
13454
29439
11268
19971
15458
584
10303
15395
117
20255
17907
10146
6428
9317
13508
13009
18355
12030
30100
24719
4369
10909
5698
20884
13221
23662
5906
3655
21522
7136
5249
27020
26548
14119
9899
20612
1292
8920
29216
30446
22227
6541
9400
16240
30461
6708
2918
664
29582
4390
5354
28472
12249
27124
28570
10801
14674
19793
32609
4973
32711
26669
11124
10620
11611
18108
31243
27851
7010
4033
6915
24364
5575
16899
24772
19414
18245
32662
14770
26598
17757
28699
711
4812
17313
21712
1732
2511
31349
3825
11243
16758
17954
4718
13545
19253
28559
3256
4133
13655
28879
26868
31573
12003
23568
20615
16342
26794
21583
20626
32481
12406
17327
27292
27490
6853
11281
2095
27069
15196
4868
3814
23701
27723
8941
11268
26655
30444
10186
23616
11338
6600
3744
13862
24716
25107
835
4850
23269
7952
12476
23439
24094
22811
1355
31965
4628
11795
11133
22556
17243
16402
11924
27118
30288
882
30983
23560
31762
11333
2185
17219
3776
17280
21400
28002
1222
1878
29023
22413
27077
10772
7443
12285
15903
18032
10961
9005
17652
30645
29827
9809
8938
28689
10748
30343
7866
9896
18439
7657
5916
19184
18165
32023
14428
4681
20891
6583
9828
12408
2683
18355
11971
23376
3423
11503
10442
7528
30808
7317
28801
29540
22451
22741
25548
15103
21748
28563
30646
23177
468
8201
24213
15184
1151
1312
20011
14573
19271
8653
16305
803
16984
25201
581
8074
20173
12225
10962
15354
3861
19829
21307
23079
4389
28828
13594
2220
21429
16114
31512
23853
75
16994
9847
14103
22656
18790
7433
31195
20889
11916
24189
26995
19980
5927
32366
9043
19795
25266
21339
20923
18158
16940
20802
12027
13854
16426
16708
14764
8343
26662
30266
6855
6880
13602
16630
12774
31195
32063
15685
967
393
12729
7104
25249
30107
34
19133
6054
31049
11144
21399
6274
10278
20910
26620
27505
17074
16941
30127
18432
11700
4855
9637
16963
23608
14158
28199
25070
2202
3052
22081
28229
25002
3224
13110
29593
1438
15685
1961
5773
19725
14894
15974
11522
1274
24618
16817
19533
18272
4132
27226
1964
9862
13832
28838
31213
22480
30047
27552
26768
30608
11056
530
22129
24529
22150
15108
14243
24792
28324
23106
10170
29343
14164
26614
1904
13115
16809
26921
15909
14004
30968
27000
1886
20872
24963
17661
13323
8089
2023
9234
6909
5626
3584
20767
7048
28329
17317
31573
4345
12770
20260
6104
25900
2376
4882
25958
5152
26103
15533
7507
27142
21222
14245
5906
4363
4565
10675
4717
9085
22932
4648
32492
27347
14619
14101
28097
15241
17248
11118
26106
31088
15554
28443
4496
16337
2864
29570
11362
27686
10003
11475
17628
25103
15229
18895
14506
19087
2249
12705
26215
20575
30078
190
20481
28355
1506
27541
24551
20443
13116
12124
11788
29463
20626
3826
14
25629
21256
17256
21187
11765
28907
17775
472
28178
6889
26218
7383
30286
22433
21947
10153
19626
613
26682
26396
2860
23171
17838
28847
10725
12609
389
32648
6353
22811
6593
3854
16051
16805
24778
28212
30208
26614
29745
25945
30772
29736
5210
8935
21461
282
30319
29143
2260
9289
962
16299
15035
22557
26425
11786
4021
27599
19260
22262
20216
4214
16372
2312
8449
928
27540
5070
30553
13412
25538
17176
6545
4199
24844
25214
8312
27410
25295
4387
18538
10690
21425
20569
30480
3161
19543
3677
6295
2630
13237
30976
5121
20652
12778
8909
1504
30453
13371
30645
13396
31674
7781
9487
18133
3229
14110
29496
14320
41
25387
7655
14009
16797
23609
31408
16730
15108
15891
13343
10689
2718
1696
2586
28950
1371
31375
26411
30261
12456
19028
11456
22304
31353
20629
24344
7393
1838
21754
21576
21760
29018
25528
14410
7015
20602
1026
6842
19188
18359
25858
20858
4842
16141
31432
17947
2747
15691
31237
17033
3474
8798
11071
1043
10866
15803
11177
17045
19817
28041
25464
29717
29204
6058
16170
25564
12054
26221
4806
13980
15885
16244
31715
11242
19178
27559
6332
22501
20839
23578
63
11912
7890
24579
4287
3263
12823
31951
26734
29188
11159
27088
11392
22495
18909
30133
10584
826
4102
21666
20472
20028
9794
580
8766
16349
19554
1022
16737
20733
21039
27605
1950
32165
30909
1385
24476
13159
25506
4833
27087
21677
22694
28778
29089
25435
30707
22879
14811
29606
22191
25334
16738
19168
31037
3289
20228
1110
4690
2236
21662
16690
10076
3737
3992
18136
19111
15329
13894
474
32516
6289
32623
10805
4230
28079
25281
16470
14715
7529
5804
18613
19048
9628
2495
3787
16222
25133
25393
20104
13503
1354
30712
28213
2318
4146
5972
28978
10512
24551
7025
32437
1836
7580
18505
15942
5753
4994
13484
26195
19899
2837
16071
10208
13825
29371
26466
9437
23630
5414
23658
21883
9555
11631
32047
11076
32220
6082
14411
24449
12866
18105
19637
11528
23209
630
13651
15403
16822
18163
22461
16940
30403
23493
29897
17452
23655
30737
21206
4152
30633
29228
10143
21927
3066
6893
26852
20669
11131
31060
24806
15338
21235
9208
11573
11244
27722
29161
11293
8819
10760
11743
20097
32176
6670
23197
18835
31179
3394
28813
15736
15322
1435
18648
5030
21658
17284
11042
6451
21448
18254
10125
12067
25487
10983
3916
21555
30252
7104
31421
18799
22160
29805
23695
9295
26440
281
9763
18146
2488
22934
31221
28699
2625
28540
21893
25569
1169
30277
31915
3158
32244
10008
17722
27436
29228
4489
10753
15291
16866
11831
18766
17389
22647
16310
9049
1002
31120
14859
4569
14843
30038
26722
2693
2475
1289
23674
19193
734
18461
23221
3329
18243
17623
29069
22268
8706
28090
14996
25767
3903
21
26366
307
28338
5693
12586
31808
28198
765
6230
10214
7744
31257
27459
1673
7620
11405
6700
31746
21743
21956
4112
30231
23635
16810
28415
5351
24597
4618
31405
25779
6706
31833
16419
14041
23541
24506
8479
6292
4228
28024
21838
19119
10200
11546
13071
30213
29533
26501
9533
9498
10966
31642
6898
19455
4569
18673
31218
23579
3048
15462
11269
2592
22192
7287
17171
2346
8102
31277
26532
3726
15313
9734
20690
30332
28231
14013
25719
23122
25440
4781
20996
22013
21592
746
511
6792
10435
8724
4039
16492
24749
30519
13047
5386
7198
16382
315
23332
12814
21458
18712
9977
31434
9308
29159
8980
14106
11861
19626
9148
22349
12376
5421
31574
21226
13263
2684
732
17218
24321
336
15870
2284
9630
8876
27477
28094
16371
11431
11650
