144
19837
20201
11606
30741
18552
23645
17354
16036
29471
12487
7574
336
30022
24250
2318
16427
30621
2031
27479
31148
30406
5589
17683
16769
15505
31583
23241
6840
12580
28426
25251
16524
17036
31199
20407
12518
8620
14793
15807
18220
2120
19245
7871
1465
9338
30550
7848
20418
8816
761
14287
19791
7695
18829
11638
32339
2720
14350
4216
8637
22355
13082
5301
2252
17419
574
21619
14028
31355
31664
10641
18634
5190
24959
783
4234
16228
10937
4102
4510
11975
20685
16331
10043
30153
11002
29085
1226
20869
26423
15571
800
15349
18873
32054
16298
28996
2488
17844
31386
20558
25561
1621
23737
13329
20533
4326
23845
3155
13170
14975
25312
6241
24656
7835
30127
14214
20574
799
23923
18265
8281
2903
28358
184
5703
19059
30518
12492
17672
23767
17191
3141
17066
31240
4874
12112
23670
28608
1309
9658
15703
10556
31914
4880
6335
19599
26433
17248
7657
4679
27659
4538
15597
19046
4372
10810
8375
1112
13772
14879
11928
1550
27117
8415
24004
10544
9031
10746
20155
21457
9420
16335
13347
5331
3261
25697
23631
29343
30583
3491
31831
13752
28691
18273
17171
26351
1925
13746
13363
23563
24248
16194
22803
1016
14250
18328
30375
11891
15634
30199
11632
18859
8187
3630
12821
744
28183
23866
10963
24066
7024
11362
12181
12812
9589
4557
28715
2061
30034
20105
7611
7063
15062
13923
25110
13131
24829
24200
29010
12868
30915
1218
6033
8663
1659
18806
3733
1486
410
29561
25683
5075
3703
1314
19802
24945
1312
28376
25462
19106
14354
9214
2755
13697
8498
17271
1219
28271
8974
26115
6880
8826
26635
30976
16204
31866
6348
21742
3278
7207
9891
31637
11189
1197
16047
6767
21452
15184
9645
4707
26807
7422
15444
24260
2006
29807
16295
16863
19557
4384
35
7740
4138
2546
18066
22576
1186
29941
27832
1054
10832
12420
21428
573
26963
24656
22960
31110
24607
31716
15355
26603
25299
14969
29253
13987
7988
19140
897
28161
26387
7177
7241
17630
17509
2097
19096
23609
12291
28035
12790
116
3509
14596
20233
17912
28071
2368
31012
18416
1335
27618
15316
13359
22128
18200
25165
10263
6004
16964
8728
12015
6223
30825
14831
29365
10184
26882
5525
25881
19700
31448
5830
20195
5431
30452
1859
20678
13280
10335
28519
28960
16958
18453
6277
22223
5272
2857
25007
18928
21023
2991
16759
0
19358
23476
22153
6474
28194
23576
17622
2683
9385
28613
19606
30082
1370
22131
3069
12739
17545
24727
13356
29722
6485
18685
9606
11243
1362
20197
26409
17141
19032
11877
16633
31348
18230
19246
26413
8318
30085
19625
8739
19803
22696
2260
11423
16686
22404
28169
9847
22206
14373
8818
28949
20746
17957
19058
5909
3524
4682
22032
32663
24448
13174
22531
8679
32537
32403
16270
13624
9266
19677
22806
29786
27046
7530
14313
31877
11046
10405
7761
4653
1507
22995
8124
11870
5868
5253
4930
8920
30298
12653
31640
25232
18209
14244
19464
4122
32735
1309
26782
23270
20963
23188
27268
28690
18395
5368
4069
21241
24239
18382
20883
21883
30547
27112
24355
8048
4390
22299
15570
16508
16659
3978
27959
9988
21049
22148
29550
2714
27011
8385
4317
24569
26188
9013
27775
18487
3753
18829
20545
7255
24245
25817
23398
14911
3788
151
28636
3979
5420
32251
15038
2649
3151
23280
1809
6114
32673
25550
3153
11327
11560
31897
8470
30295
19202
12290
9370
24239
21645
18487
4275
16196
19301
24324
30799
26228
13633
4233
15673
28259
28703
19781
632
15881
15121
11794
20305
10418
2631
9713
31112
5201
27129
31626
17422
22185
21528
5538
10767
5367
29047
23412
3275
24917
18386
13204
28003
5336
21118
2433
595
31935
29805
13256
21224
23826
5790
6692
4564
2618
7883
5293
12876
28456
14030
10976
10777
15612
7614
6837
32092
15554
28777
26068
3986
19369
32659
3185
18405
28035
26315
6911
23970
6427
10096
16800
7183
28032
4123
20920
7099
24344
12579
14268
20945
7884
3012
21744
27837
1376
2528
32376
16363
10397
8468
23705
32557
28552
19559
28362
15590
32401
17540
5848
1188
11330
3853
16086
1698
23175
8748
29543
5908
4204
29241
9579
18158
914
19424
13244
4694
26760
24006
24427
2983
23692
18808
25174
2173
2827
31691
2486
10469
21694
27072
29661
6008
13815
8024
25089
7086
29986
21144
29802
1657
17002
25999
8511
9141
25793
28338
17293
12718
22637
32694
16871
27300
24234
30599
402
27322
28079
13480
9422
12146
13315
31215
28795
5246
31119
18480
9960
3126
5301
21477
11065
24749
26887
5847
23184
3352
31023
18930
13717
13734
31978
21651
14018
28351
10186
29381
1889
25369
23814
31973
11986
31433
28729
22394
21844
27644
19093
8930
17691
6356
22441
18171
31280
19518
31889
28568
19246
19080
4067
31520
660
16590
20573
15738
8691
26934
13334
19942
32268
14444
6470
24340
27720
7031
26044
23903
22502
13242
31076
16326
18076
6489
1043
7362
6701
31524
20053
11474
13822
30100
22703
28965
7533
12556
23625
13671
8493
16980
13232
6254
18350
26297
500
12295
17949
2039
4611
14554
7465
31390
24524
5091
15992
9323
2123
6080
1325
9828
32054
29845
17817
18826
19675
5619
17874
17205
5621
3794
4736
28932
23378
12368
22738
27367
23166
29813
14400
15440
19526
25338
23596
15449
3507
1674
8042
22313
7058
28096
242
10666
2649
2984
19183
4887
14266
6179
31452
22196
23304
20814
15097
4735
21742
13202
4886
11861
12004
26269
24648
31163
7711
14925
8380
29941
5549
7931
12924
15559
32434
2412
18845
16111
3512
11046
7142
16357
24401
21656
3504
20773
3634
14127
3399
8670
20557
4587
16327
4732
22601
7135
11282
9792
15398
15475
11772
21639
31143
20992
11685
22065
23709
27629
23634
23062
2766
30237
4601
3647
19699
24607
21529
8695
21443
19233
4177
20419
13232
15968
10887
7313
8610
19039
10335
19538
7825
24520
267
4803
14209
28562
27239
16807
19210
11919
25046
9358
25903
3892
10456
23723
13795
12555
31535
26122
28239
9678
26078
31225
27757
235
23527
16674
3150
11947
28535
14965
14809
3331
29597
25244
30123
12406
15479
611
27418
9308
14641
6382
29995
20034
15626
6546
1013
26840
31218
11092
15183
19326
28980
17167
24471
26639
29708
20411
13492
4433
14280
17115
22355
14542
32423
1521
20430
25564
26706
26673
10741
7106
8779
16025
15472
5621
27274
21209
32298
15821
9196
21625
20415
10676
7606
18939
31379
23178
9547
32382
22253
27778
644
6918
3543
7537
7412
281
17248
15620
14823
5915
8552
16428
2189
1374
15012
18798
2925
25988
4440
1175
23504
7285
13501
13521
17794
442
25537
18658
20169
5580
29529
12731
27201
23396
23130
5225
19909
28308
15441
16598
15152
12025
6285
7081
28035
16660
25097
25062
22133
19799
14524
23019
26140
14899
17454
9649
14359
10479
19225
32528
14113
15324
4934
12118
4514
7925
22674
4108
14202
29348
16801
21388
2773
4897
9312
14470
29564
17726
11296
9287
7619
5235
1707
27691
23477
9265
9560
22350
24815
24964
23240
5666
26363
24676
11659
5686
12775
17124
7061
13611
27178
20206
16900
26183
21196
20986
26729
25330
2086
8362
20034
30416
11623
25334
19748
25853
15502
29728
27012
17502
3621
26698
18388
1487
9142
18483
11054
8033
18842
17965
9847
5294
16967
5654
132
17594
24314
11429
30549
2717
12081
30991
3654
22200
18954
11937
26233
29426
8768
27269
18594
9460
22285
27801
700
22052
2556
14546
3069
20897
27434
18747
1261
1334
27451
32614
8474
705
21455
16025
21402
17493
27887
1714
14109
28102
20362
2673
7659
29475
4782
4694
32226
11296
8925
2032
2067
28957
18542
17445
11060
26406
11148
11653
1003
7354
524
23147
21846
2566
1260
17731
4117
27565
20726
12286
11636
18426
28570
5698
14407
15058
29348
1179
17498
25995
20293
21904
20775
5193
31292
13322
9243
21285
12506
21812
2628
18991
22517
8850
10494
18333
27577
1960
4267
25748
8378
17708
9301
10533
4195
3693
7312
266
6269
19472
29603
13090
30485
10792
25757
25186
8649
5628
22179
26487
24819
701
4429
3870
21777
13004
28324
31148
15893
24063
27366
31997
8755
23519
29123
654
19235
31597
7316
26683
32437
26821
15481
27303
22748
27495
1810
5369
17224
26285
3085
6712
12317
22659
15736
22859
31471
6444
19543
7427
9446
22878
26269
28282
1656
19140
864
2193
2768
378
23953
10211
5786
29625
1372
4958
23938
1960
3000
19978
8032
23981
15233
27498
4004
30844
5881
31825
1852
2698
26673
31418
4802
2890
7819
32734
29796
17715
29445
26686
19121
20520
24790
22054
15069
25216
26416
17316
16112
3464
17659
2471
3526
22788
28341
27285
31862
17352
25184
19270
13915
30237
13574
21982
14986
28001
16625
18141
13108
5838
15214
7419
29960
12816
11363
20849
16957
27360
18908
7829
20140
25485
5406
12174
30692
26839
18059
23652
11724
14936
6466
21077
9739
14627
24314
14595
9744
26874
28732
2475
29989
32546
3274
26145
25001
15458
4995
18968
12832
1652
8427
29095
23674
8134
7900
17617
29557
31492
8110
71
25536
31371
718
12390
22531
29303
22565
25579
27827
32447
17311
16541
16919
11592
16744
23710
29854
7826
8052
27642
4408
5700
18476
29265
15611
32610
5639
15729
32037
9925
22328
30225
22005
24782
27765
4278
21654
30267
1334
22821
2558
3668
26546
14280
554
23425
29268
10390
23754
4594
6148
10271
23069
9839
81
7076
28748
32349
12328
28158
21297
6220
12110
17309
16945
18239
651
17531
27981
24948
2571
2988
21579
15856
24344
20643
10336
2779
11252
22271
29311
26958
11311
7764
3574
20935
2960
11243
26795
3864
13602
7486
28680
7272
21437
31336
6914
25926
18652
31878
8079
19878
13911
11400
4961
516
25370
25508
32062
24268
17064
20294
13869
16537
15041
9938
26382
17775
27201
16978
28947
29175
12238
13761
9453
19489
32418
32053
22104
20288
13147
8929
5945
9338
4675
6254
14101
17620
25673
16867
2411
6361
18286
26859
28401
19580
15095
31705
11133
25723
14211
7296
13274
11531
16028
6028
21648
22621
15621
26026
23598
5651
24247
21610
20803
4956
2825
25949
11753
11808
11038
22200
8268
13356
7295
8485
26948
18949
17691
852
8132
2967
9686
29751
24916
9126
1077
2482
19894
30072
21366
2548
5408
1749
26880
31355
24159
7960
16279
4167
23469
2746
6297
26971
2731
8511
10735
28796
21907
3645
15145
14451
6509
29850
7103
31993
30327
19970
14360
19450
17878
26347
17078
8802
6417
2669
27204
1160
17816
22400
27952
19106
12320
21547
1761
32390
20817
8562
12878
16496
18143
13772
4460
13648
12717
14901
28772
419
9074
4322
22334
18552
29621
10988
27724
3849
32202
9519
3378
16825
1779
11016
31754
26648
23947
22612
18918
23059
10158
17075
18247
275
20831
29849
14110
23696
6144
31623
18482
8717
21074
13613
29878
25907
18959
17925
22321
15715
17819
5756
18359
23187
15886
23139
11246
27677
12137
271
20479
8348
30316
31513
24131
24237
18722
1389
7944
8958
1231
8132
4473
12461
19876
32658
10823
30146
21037
11970
5219
11759
28150
6248
13218
27282
25793
3116
24793
14223
256
15302
25227
6429
1567
25735
1284
5981
8363
14730
26661
31020
19465
14800
8458
12342
1810
26663
10510
19692
9868
22853
17296
6607
7704
16208
1857
14795
13759
124
3996
22108
21507
289
1682
3728
18899
6216
13896
28848
26513
10323
9790
21787
4043
3046
28379
28983
32256
29190
27170
28233
3449
25323
14256
14442
30108
31108
11776
5770
12083
25745
19065
27934
1845
31895
32094
20883
18877
10932
20074
19791
26915
32491
19083
23501
4855
11054
29353
20413
17975
8948
32562
24547
13236
24047
15271
9484
31530
12002
268
20213
13664
18029
28107
18108
11525
21534
25895
23042
11731
18125
8192
25235
27397
28626
11350
10995
11227
17254
8336
4336
11894
6904
803
7122
1806
15618
30436
25734
11020
117
8177
19116
21831
10353
27804
519
561
4029
31147
2204
26728
27103
10363
3627
3025
17032
12694
17026
22224
31360
1457
24756
1823
19458
10929
8672
12554
24307
29188
2767
9682
10262
26938
17508
10048
13571
15692
24415
1122
8499
29902
2207
215
16163
25799
19387
16820
810
6035
3674
26837
29757
1234
28492
2253
20874
29968
10536
12669
14922
15214
159
32498
30735
4886
9103
20891
4651
26157
11856
10449
2965
3900
20840
32277
7000
17902
19067
30997
21011
23428
4067
25143
30164
13050
12023
23292
26667
31886
29108
6445
10474
11250
26899
11112
31417
25580
30195
11077
21811
10789
23347
13029
10992
8457
18456
29024
6252
17844
8920
21293
21375
17201
10157
24872
10636
21526
12686
15014
1354
26415
13858
25713
21425
19311
10066
4181
12825
2827
2388
32354
5707
21839
7375
10960
7142
25169
305
8405
20757
6970
11283
1197
16169
1424
32530
13416
608
30613
9770
16608
3760
30542
15678
30162
15895
21872
1057
12702
30595
6457
9481
27378
9248
10648
16882
29748
17234
19416
8752
21008
15478
3993
29154
21593
4072
4967
4565
3549
16284
13581
30399
18815
12847
15422
2980
12461
29135
24009
29581
146
31548
6499
25508
26989
22405
27489
7966
1216
30179
6057
25400
13522
10682
29321
18961
14767
21329
32747
22462
21815
4226
2260
1470
31155
23870
25321
13665
13260
19047
5436
31367
19073
25622
18738
11410
28005
1809
3616
7197
15055
16321
25013
12461
28059
23481
12031
2591
7037
6493
2404
3651
6804
22499
20642
2997
26286
21659
9843
20374
13326
24806
11797
13447
18277
3858
29103
19894
10278
6843
253
24998
21517
19496
26743
27855
16464
17556
32711
23775
11914
1022
16837
8734
10519
4038
26680
5356
23610
27626
24788
528
30467
6001
24780
31011
18553
28414
24547
13579
27475
16253
7027
9984
1041
27916
28050
20834
23252
24918
17452
14362
29746
30406
22356
14580
14733
19712
26104
7948
17252
23897
15232
14575
28045
17635
4262
8638
1761
3098
32119
19014
11149
15092
10739
8089
11007
17082
13935
29002
16303
13720
29843
29229
22793
26248
32068
23281
17678
25309
30599
22200
10514
16696
32766
30275
28287
118
4177
28440
4677
9137
2388
26741
8972
24320
6784
2225
11307
882
11486
23085
20647
26394
14110
30635
29555
18676
29787
15469
30620
9915
24174
29999
25770
9631
2193
17326
4414
3420
1673
3837
24434
26558
28734
30622
5186
7524
18769
22256
25782
25354
8120
22030
31078
31080
5194
8442
25168
9272
13195
10117
17090
21416
3259
15855
24241
17934
20688
17408
10335
26209
29363
16854
30463
24204
17793
9824
11387
15204
28017
1040
16942
6804
9086
19699
31255
10617
19343
10228
19344
16033
12440
1471
4149
3591
24987
7249
30566
25356
9804
25820
23626
27023
20869
8279
17379
25171
23426
17296
1660
9577
9567
31858
31022
4082
4855
18052
21000
26957
18433
15754
31452
28218
18612
2476
5234
1837
1543
24873
3433
14788
31020
12373
26073
9160
24986
277
542
16603
31848
14305
19747
25243
9131
11464
23552
7554
12244
2983
19015
31634
13553
16224
8244
2160
18723
30851
16736
16641
26962
8300
9302
7081
19665
16013
26872
15464
2077
32298
19795
31513
17081
8057
32266
10377
31642
12205
20795
31156
25418
26659
8259
12094
12937
3439
11912
29096
6101
5062
22770
29085
24027
11976
11110
9750
18544
18265
28483
233
21857
6871
20334
9426
4603
923
19492
3778
3529
6988
27236
16053
7867
3138
20590
15153
10865
32676
23139
19694
31757
8926
8131
1776
21919
16201
25617
6635
26552
21469
681
4219
10634
2335
3903
25656
12116
13374
8795
25206
5313
28410
6797
4609
23627
3691
220
14808
17515
31618
14468
19335
1790
7357
12215
19030
16097
8439
26796
21294
19313
4144
26632
10156
31010
3947
24346
4494
31272
16824
17973
6685
20900
8411
3317
27664
16265
3273
3040
17608
31477
10688
31870
7319
7270
29052
27292
9284
200
7288
21259
24749
10776
15605
31189
3077
12739
3623
27515
30402
17597
5714
6770
26892
22725
19325
7083
32750
22026
28388
10931
12387
20459
19433
22364
31937
6966
29698
3276
32732
6140
29100
797
15261
24705
16644
8881
6055
16048
9574
27043
12054
19671
12271
425
29470
32333
31613
26153
17120
30733
18250
16395
26484
8480
12797
30269
26058
9776
25496
24517
20120
21323
30034
1424
7993
8827
23300
30737
25838
11640
31357
26168
9909
21595
31148
24813
8272
25303
7459
2042
5120
18709
21796
17091
26322
7431
20497
8440
24112
3204
5524
3286
11233
12360
20134
6768
97
19306
29452
29917
6677
29333
7593
13287
14940
23019
17791
17003
4192
8209
2564
28497
989
22672
9695
18550
22782
22347
29678
30900
26836
21103
16114
4016
8370
22501
21758
23494
9534
20203
3143
21517
21706
19984
4009
31232
30453
29067
26068
6153
11888
5470
13986
21429
15391
25201
22215
12322
20930
32117
6835
22165
5269
23010
24057
18708
1852
15133
3440
1081
23775
18801
22155
2890
13789
20506
26464
25371
31036
15679
26417
7684
25764
21620
12
19606
1830
12245
30378
27843
10710
11147
26225
19024
11245
11036
17367
12650
3712
20362
18538
21933
22233
12521
24578
25998
3284
32176
6009
27574
27990
1448
27094
23957
28613
11773
6524
2036
30627
6047
1911
28668
31353
24746
13265
14544
1177
23882
15938
11106
24050
27659
24411
8166
6889
9557
26311
15817
9104
5437
21504
20690
11900
29352
7003
20369
21213
24118
6651
8444
12358
7962
8154
13486
14617
5040
20397
6871
28466
7980
24859
30361
22810
17766
4686
26401
8336
24944
19077
22904
10736
29493
6152
7832
1682
25603
20557
7938
27349
22929
10748
5800
19278
15000
11491
27036
29417
26577
19639
23452
18130
24493
28682
16947
818
2784
1416
10942
1720
19278
7704
25419
16746
5818
19271
24308
3531
27128
15830
3022
8736
14673
20737
25184
25139
11797
21410
15371
10380
322
30995
22379
8367
5773
26656
24447
708
8931
24364
19413
27472
9464
22826
1478
10417
17975
1977
26684
10827
24042
21336
27988
17484
18480
25399
11931
13639
3538
29384
16995
18859
31182
29692
31303
7104
11510
10615
5269
17745
1949
1245
5090
25329
23823
10713
9691
1873
21508
32573
19400
12227
6905
13325
21775
29103
12025
3865
11644
29516
24312
17477
1739
20637
30082
25440
32391
20568
1575
16592
3830
17130
17313
31058
23384
4214
32622
26194
15758
22863
774
314
25749
7954
22180
20647
20783
13057
16683
2828
3956
8482
22585
7916
12750
32259
22339
18817
19322
24523
10250
20791
30254
25043
3716
23050
20557
23714
17861
7796
22168
31440
2891
8247
1515
1512
6509
8433
20290
11514
27033
25349
6624
8538
17006
22542
21750
13416
5489
31383
29697
9228
989
7582
7795
31267
2430
31959
23826
19905
18494
19820
9473
21424
16046
30595
18928
32351
22385
32110
7886
29685
14092
26148
23982
23518
31030
17694
21875
29665
11912
12911
21814
32584
24265
12931
23361
31075
7181
11661
11991
32580
19991
11099
16834
8997
19829
4305
86
20134
10514
6396
5105
32658
2269
13398
3577
1424
2973
23888
30385
30127
15810
18953
21767
19345
23179
12169
29188
9777
28815
2970
23622
14690
15946
7920
1384
27489
10996
27094
15600
10390
9102
6767
18948
15956
23448
27635
30374
2020
31917
31544
1284
26590
12210
3388
16600
27251
7694
12573
11435
985
4331
1963
11308
10426
12325
20234
688
32048
4647
6641
1628
2392
20898
22069
1596
18748
13730
30562
4876
2185
9250
15980
8250
18657
5864
12368
19490
29851
7689
23063
3155
22012
8998
327
31759
13807
7152
21596
8487
9114
10840
6080
9367
14594
19501
10228
14914
14195
13262
31413
17549
4355
12025
3360
9801
25402
8334
26020
12054
2420
1449
32084
7136
17457
17931
1139
18135
32078
11146
2824
22480
28543
19387
7881
4009
27195
29389
27690
9951
4577
13830
24908
10554
22093
16408
13769
15846
26900
10509
4941
25910
16070
16166
26460
25250
7580
3530
10064
19302
26217
11016
1087
1981
9021
25618
13588
32316
31193
17535
6609
7826
26320
11238
2931
4720
8313
12527
12479
297
12261
28836
10418
3072
12378
7274
18430
30448
15511
8341
1983
21308
23481
6490
6117
30384
15945
31561
20690
5188
20096
22592
31734
26674
32146
351
7169
7035
21070
29202
475
18472
3084
28693
5167
24960
12183
8109
15347
12494
2638
29505
26871
6425
8766
22756
5676
27073
10453
22551
7669
12694
22591
30125
2917
16789
10776
11091
26107
24629
4332
3041
14865
5025
19570
19768
22710
25343
4899
25624
30332
31878
8799
9705
28977
20376
20763
37
6458
24565
32622
17568
25555
24718
12345
19874
26684
550
16530
21563
31284
21413
2919
16158
6429
6029
22064
28577
17261
2968
9856
9827
2819
19790
5755
138
1859
18387
26943
19024
30402
27877
32410
29459
2763
25775
22587
21209
29591
23946
10522
10434
21739
13983
25194
17816
20245
26057
24612
13635
16718
13018
14770
28020
22201
12261
20998
4003
20538
14338
3326
10227
20908
13149
3707
588
16859
26945
6758
12945
2346
17986
4936
17509
11113
11877
12251
12994
24086
14519
20122
18185
21704
2925
20697
21252
2619
32050
7606
24794
19718
8729
22447
28560
19372
32758
28267
8816
17482
20465
2245
27937
22749
28743
18902
15895
22950
31559
11888
29784
7129
24022
12005
3452
11103
16812
29654
27706
21290
11498
17204
24471
6160
23147
21845
11846
22249
961
164
22928
16193
8051
7410
3751
24693
29613
9796
21727
28647
20291
346
29438
21336
16489
21255
17758
21324
14923
7656
21067
9685
18470
20668
20902
17118
11848
6711
6246
10140
11995
13779
26699
22384
4638
30648
1948
1329
3904
9330
15478
24669
17571
7136
21216
1649
5139
3402
13394
4380
28911
19787
19231
9935
31757
31931
29653
21428
10911
31360
6684
17835
11028
6343
20074
20137
17553
16560
9593
19810
2853
5701
2537
19652
29856
18685
21584
20350
8059
3042
32111
21838
30423
13019
4587
13461
19566
10611
13977
25393
667
25064
2058
15951
30352
31237
28546
18821
1104
9696
11097
14873
15229
30528
16440
29703
11778
21255
21609
25341
9958
21647
5616
20987
4470
434
16339
4399
26209
2199
6823
23026
5700
19272
28650
30130
7780
15215
22420
13568
15972
31581
2709
16570
8961
24623
31992
16350
19386
19271
28076
12588
30431
24637
22979
12398
30993
24264
21645
11210
4841
24300
11673
20015
6433
22594
2353
6285
6451
15328
8107
19483
3582
31469
15205
25766
13732
6844
17649
29290
11147
29086
14500
10152
3793
22176
16441
26309
14186
28823
24318
2654
18833
26605
9869
352
22743
2271
17828
11723
16854
25293
29310
15740
27407
9123
13698
28883
15156
21780
28863
29660
17573
15397
11393
4881
27557
27095
12442
11669
9810
3765
17883
21323
25359
22883
8902
32212
9161
4909
519
18471
29174
19434
12563
28942
30965
14718
2244
20851
20982
30089
14705
16400
24131
32456
8125
8356
29292
21006
30410
5510
3668
4469
12358
30457
27618
1806
583
21596
20405
23264
22193
22477
15533
4801
14167
28063
29967
25872
5571
3470
4427
3630
25897
29744
26193
13038
26808
32739
31476
26903
22509
15605
25933
16779
3700
31097
5876
9788
25722
31203
24664
2296
2101
7161
18728
15960
16581
24195
17763
29464
26229
24741
19531
28792
5056
31826
26631
24336
7771
9264
31342
26133
18174
9622
11539
26537
16967
23591
20534
12658
17611
17682
19982
17235
6136
13463
19780
19663
27908
14643
10043
13347
9939
29778
29802
24801
11101
24856
8842
7778
30901
9834
19981
14608
14709
10765
29198
31776
26609
10051
28483
27653
14154
3053
27759
1119
29915
21478
10289
24323
25732
748
32200
31789
15729
14826
7190
27266
25887
13649
16268
18539
20894
18067
9638
1693
7141
5016
27104
30337
16023
5018
2564
1471
17738
24948
28914
4776
19415
4116
7439
1067
7461
13901
16578
16960
1064
25621
6484
21179
31160
9113
10737
14509
17748
3439
3660
17274
26268
20388
12798
15671
12522
21533
26437
24184
27138
29511
6538
6280
30872
21727
11665
9588
16078
18687
2820
24598
8364
122
18533
11467
28173
7160
1125
13883
29471
3616
7418
28724
21065
17784
11858
13617
32202
32650
4450
27072
12079
1857
29511
23481
5671
30007
5277
4525
10261
20812
18736
29111
32050
12627
28258
3446
32726
8579
16389
31586
24046
18377
14630
29886
11408
19404
2014
29048
235
6663
2266
12920
27053
6423
16634
5378
12160
23773
24806
10457
4825
19396
2125
21786
24849
1815
15327
24223
12864
14331
21243
23879
27892
10033
1901
7192
19634
15981
19285
729
7019
16063
5884
32368
5664
6143
463
26571
4154
25088
12183
10203
22759
218
25704
18883
10589
31251
28552
21233
31369
29039
3871
4996
3155
10330
29738
12266
10287
13279
10183
26488
15484
27018
16508
4624
21899
17480
6128
31174
13601
14052
1767
5133
22678
2695
5942
12390
8586
1039
6341
31094
3240
7131
6293
8135
28075
6188
24092
13354
1888
21239
19762
6785
2558
24711
22554
5103
2554
11520
3877
10892
23772
31607
20673
18149
31082
31207
9899
27269
31754
23016
31316
28988
18400
3780
31855
21879
26829
30220
24835
17080
23065
18563
27439
17333
10529
15805
12608
4217
4889
19856
883
27449
14471
28415
30049
6548
20658
7391
13225
23058
27380
17719
3315
15602
17262
6367
26447
341
31819
30081
16447
1788
11340
23777
20363
1820
9987
6331
29343
7561
10968
19296
10174
13845
15446
16814
5624
12451
26152
25522
26768
269
22681
7661
8689
13963
31521
3501
31746
12562
28195
8148
29043
22922
15012
10664
9448
29847
341
20539
2262
7698
25100
21362
27749
9769
4150
1608
26433
26522
6290
26286
2029
16675
16429
25584
9693
8925
7162
29467
18980
6906
3160
5548
18213
31683
10025
28478
20828
6025
20212
29629
14599
9652
15629
6149
17897
12008
8296
17344
11313
23705
8802
3011
6923
15185
9825
30917
798
25919
28879
20260
25790
9615
3477
28848
15193
29552
19936
2694
29974
9841
2192
19757
21380
31846
28757
28214
4997
29642
20009
9950
20617
7163
15957
19490
16544
20355
12809
31014
9363
21292
28392
5486
6376
3882
4557
17709
23096
1638
14695
2671
2299
21133
28996
2685
1639
16912
15654
2974
9682
16369
16459
21461
9087
27636
27667
6632
7015
15412
25780
13988
6200
10210
25252
13547
17507
13719
17114
17322
19628
22049
14232
26017
7490
14205
8001
1862
20528
12843
28191
25586
25959
7617
21466
22509
12888
14390
21715
26031
24766
24075
29526
20812
20926
6145
15379
17788
19525
32189
5407
31379
767
7021
3628
20505
14360
27355
9314
13934
4718
1894
29672
9893
6522
3719
11446
15132
17165
7563
20468
17469
1868
3969
16094
28992
3382
1321
31639
21901
13195
23353
10278
14292
32636
510
20306
12487
21572
11235
22228
11201
17493
32575
8652
23684
20092
25110
26169
12714
28389
5496
1954
13334
5529
10363
27870
8288
20899
20897
16011
22455
20931
30717
18240
2680
16661
9233
20058
14128
32702
13070
14771
17811
17766
32170
2648
9565
23742
11882
25558
28111
23839
16862
15732
808
4281
7662
8230
17375
5031
21489
27608
12385
10665
31730
2599
25675
19959
9745
13389
4367
6742
8628
1453
30307
20489
20651
31739
5526
3855
26433
16820
4438
7556
22679
12045
21600
2784
16765
20836
13804
30748
27267
158
25436
24516
29848
5531
23419
24117
29234
13454
16368
13392
4522
20890
11896
3124
5115
7597
13268
26967
5573
25940
16181
8981
12057
6845
17750
21002
8474
18378
32588
14007
12100
31951
24967
20747
23717
31747
3126
9825
5139
24959
3801
3337
17639
23336
25982
16895
13474
11141
5785
3907
12322
11824
19767
24223
26131
25628
13281
16025
1702
12709
12545
7332
19267
28626
30318
18817
17320
15889
6729
16945
13403
8477
10208
12685
29983
28530
17456
11348
5279
21343
8674
19159
4397
18004
5529
31078
13585
22707
9153
8691
6032
23813
24032
12074
27219
9505
21994
23257
5539
27484
21188
16154
13408
16799
18898
15174
17251
29601
28139
27520
20097
12667
25802
13080
4096
4875
26787
12221
22038
5266
17463
21798
5237
4184
13372
28233
20136
28903
18878
21265
690
25347
28054
18165
27071
11799
7632
11917
18374
3473
27226
6111
6409
27931
5928
29351
14238
17778
7764
19368
4421
1782
5548
26499
14530
780
14205
14173
1147
7338
32572
21270
1700
13390
28465
27291
31235
17174
11504
31060
16630
27753
12047
29810
19149
29992
14128
11877
7824
2848
18422
16254
26740
5864
12106
27971
14930
30253
6596
18360
13732
29658
29923
1378
4257
8009
10789
3208
22079
17222
30170
4547
25570
12613
18721
16775
32212
23756
18194
3087
24195
24259
457
24710
25308
26588
9379
28195
26894
27914
13708
24393
7490
28802
2046
29852
19145
13676
24771
27512
22193
27661
8816
13523
19287
30668
9942
12115
21305
22549
10907
22750
11246
30914
25752
16796
30892
15956
2892
29703
28304
1489
10057
823
6994
2014
8770
572
464
6708
1726
19722
30306
10798
23907
17656
1953
32472
312
28823
22216
22676
9429
20523
3501
24538
5988
11721
7854
1146
8317
14742
11710
29226
1798
24705
26711
5884
1909
32035
11426
25542
8903
18526
11974
28260
18397
18618
20008
28945
26041
27964
672
18944
30118
526
13475
6593
250
17130
29157
28357
3767
30943
17004
4070
16902
20131
26871
28512
17158
22595
5120
7057
20531
12471
29531
8716
3866
2390
18712
19855
24536
5366
25297
28368
6002
23032
29529
31681
6555
11343
819
16538
21340
23031
8449
8589
5223
29232
8600
930
13748
314
6692
24295
24726
8214
19786
15287
8715
20830
1784
28793
17082
20959
22788
23779
7350
17756
21920
7010
23702
32087
17137
12519
17491
408
22028
9997
8895
32630
18947
13323
17192
22259
8796
8102
7525
8673
5895
29655
1782
19291
2635
15270
4813
6946
13
6681
11697
31303
22573
24317
23022
11285
3221
28356
13738
16318
26098
22094
13243
7453
262
15162
8089
16457
6320
1233
10643
32127
22510
6490
20757
107
31032
24381
3942
10123
12182
22771
9721
24072
16448
11880
26611
11244
21068
17945
16176
24145
19586
13278
2498
26308
8206
15041
15721
25252
6523
27442
825
8441
16363
1604
13881
30433
27939
16981
23652
16437
8125
21820
21030
3015
4923
17292
29928
10288
26787
25655
8732
4028
7323
19333
23699
4008
11983
26564
23240
30871
14610
1536
9515
11160
17167
13403
17508
28904
25165
2963
19409
13092
11439
20638
19816
31532
11849
6926
30879
24265
29213
15484
20135
32139
16328
2285
29416
9531
30428
22430
12115
18566
27484
8050
18594
6279
21816
29116
14192
19229
18295
18893
18299
26084
14926
12104
32559
18174
32250
1255
1565
6863
27354
3312
2481
30489
21991
12352
23568
29131
14157
27769
14770
15168
2942
31083
18132
2419
17840
13699
28329
31542
11648
15528
23196
2092
14288
13452
14534
5055
21993
21770
32052
20267
21556
742
12892
16414
13506
30406
18836
32544
30811
25080
11579
4773
875
19992
6812
12588
15050
5223
626
11934
5893
15674
23414
26236
17243
24448
29428
5710
26706
13312
23594
20794
95
32670
10161
32604
1970
15241
2263
14620
32514
31182
32656
16445
5011
28807
529
24129
19843
21846
31200
2323
26627
18086
13554
23742
28072
26526
11167
14988
23996
3980
12629
13160
32265
31975
20028
19770
3903
24561
7347
12375
24737
18530
5698
23523
14970
3411
16428
9637
17700
9762
8287
842
30069
7873
20547
26853
7588
22884
25446
27122
3217
11078
11450
16341
9215
4534
13744
25188
192
16485
30489
31942
13979
8559
5225
14943
15450
2876
32360
11596
29408
28689
31565
27023
13558
7854
7813
23950
5133
21234
15177
29244
20675
20797
20911
4848
15555
5837
24192
26219
1528
19694
21177
16473
29169
9381
18511
9219
19143
3019
20066
5834
11638
19593
24481
31332
3166
7042
16988
13473
3860
24748
12865
3073
877
8861
18557
22044
21045
27482
8074
24168
23740
16850
11412
18837
20204
27204
14600
11090
19527
3055
19315
2551
27851
6570
10114
9502
16738
28381
22932
493
3583
31196
742
340
4717
2115
20474
6733
6446
22938
11179
15256
5776
57
23976
22076
26805
20420
21526
9115
17402
9378
23639
24458
1431
12016
2029
26761
2361
8085
26307
1484
13506
7501
8458
29800
14346
17254
20271
21159
32035
7026
14182
2557
30785
1736
21644
30184
27895
25711
15111
14236
22837
27520
5326
27583
1268
12754
1621
20870
14391
10826
23272
24512
20392
3567
22366
17966
21136
7736
1782
28450
19395
32528
16006
16126
31121
2629
28427
3248
28546
30208
12565
8224
32549
29555
14129
26864
11274
2659
3649
6574
4464
27151
16135
24857
30445
12147
1297
7411
23540
15486
25496
5928
151
11158
27062
10252
25807
11831
29647
30142
24039
15691
10439
31389
15469
27977
22049
573
2990
30706
9963
26092
13907
8453
32208
32653
21088
754
31593
2817
368
3127
28271
1072
12451
1449
5161
31033
5751
23938
11255
17916
4890
10962
29073
16348
4806
26712
5660
32289
16380
17835
18661
9508
13906
8445
19773
26588
32000
17284
31599
21826
23330
22072
24454
31847
5639
13342
28979
31710
23762
17165
7354
11948
2831
21358
1397
23183
1695
13085
3873
2337
19453
7987
21426
3789
15995
5145
14380
12400
2212
8938
21381
23005
17333
28367
20282
27980
15259
17557
20978
23867
30621
25178
24841
7
13922
31978
30366
24056
18111
23518
20048
8284
5444
1355
9068
16789
26907
25959
18439
11260
8591
9763
7434
5846
20468
1635
2007
9804
18581
28698
2789
7445
14240
20527
9006
19425
28141
19111
32006
23686
29668
20808
30601
7223
32652
25200
18016
511
11615
18825
20063
23582
21020
8725
6649
20653
26230
6671
30518
13161
27681
32708
31117
7252
15954
2864
13930
10315
1649
2615
9237
24181
2147
8976
1807
23287
10337
16253
21169
6404
28401
26445
20111
1022
26198
22569
12940
22787
30517
1095
16490
22485
26891
20821
10775
19368
23928
29822
20632
4650
1067
8192
6204
30831
24516
25234
13089
2917
17074
6213
23543
21171
11675
8277
1883
23274
28571
13036
4824
30005
21299
11641
27982
10387
16725
31708
7405
31272
5832
26718
25547
28639
28289
5086
5275
558
24170
9074
28067
5992
4735
20535
2269
7377
21731
31148
7308
24319
26685
8877
26735
25854
9241
23719
16433
18202
479
5204
11363
17391
15236
30419
6129
13289
17305
15805
28830
27923
14637
7228
1465
11946
2158
18177
18627
17782
11185
9332
24727
18366
30495
6689
16383
2325
981
10255
9587
15345
11777
4673
4688
8380
11295
15423
25708
8056
3069
4672
19872
15062
23802
26371
26980
28984
32113
3370
10590
22962
25577
9849
15930
6327
21336
11006
757
10704
13374
1474
17700
29007
19247
21587
3502
4759
14296
23042
18874
9501
3638
3931
25731
5140
30327
25089
1836
14880
3688
14516
19544
9259
18961
8922
16922
21535
18383
17055
5398
24002
30383
31818
13476
19905
3225
17674
10301
29802
7263
3873
11025
27486
8819
18680
29532
32509
6560
12346
20401
2576
6072
22974
31983
19387
5353
17059
17509
19832
22240
1700
4647
4191
941
29515
18500
28353
7878
8013
7202
26792
9585
28890
18430
28510
9766
5522
19209
13805
2406
23063
22365
4602
20724
3876
26006
4627
21777
15730
12913
7212
32250
20877
11146
10386
8832
9247
1254
863
4923
21263
22918
26600
27770
17232
22026
18295
4001
23258
31956
7693
8019
3595
6133
23983
2170
15129
26005
12888
1196
532
30813
11821
6461
20321
9693
20329
24791
10870
12701
18136
27669
2546
11320
28550
14391
29217
14932
1504
8634
31315
10262
24052
21285
302
21054
7814
32528
22481
1704
24518
14070
32547
2740
31387
26396
14923
30361
22191
27244
13561
2381
6974
18350
19423
329
20550
31822
10513
25395
15171
16234
24053
26580
5192
25205
28640
4001
5617
25483
27671
4766
25678
26604
2991
4099
21597
11262
14133
438
16266
156
21995
3143
17427
11322
17327
19632
7407
30971
3228
16857
6508
24428
9418
24670
11865
6222
15980
17349
8234
28261
8183
18686
24375
27625
28623
10884
23747
30170
21106
30534
24864
4617
29634
29169
16619
29542
9156
3817
14573
31394
4770
25584
13787
8158
28561
27890
24265
13523
14753
3637
24265
7527
29009
13474
9150
32585
3410
25017
5672
32732
7254
20763
12084
29246
22992
14944
18445
22012
10923
31380
1782
14714
31491
11577
27755
31201
19804
27996
13350
29919
30582
7159
874
3907
2186
8536
14260
30211
10319
11278
5774
13826
26071
28769
8390
12623
26843
24570
24848
6015
18367
14871
14241
22822
26685
12591
25073
5432
18482
13202
20363
14755
22445
10551
14919
32565
11546
12675
29217
2896
20435
6261
23109
22716
7476
23361
14004
4977
26564
10516
8062
20940
24518
21819
14350
2138
6160
11430
9949
15335
4523
4439
15168
20549
9323
8927
13536
24741
23096
5052
14820
20803
26231
6153
13956
16525
19081
6785
8795
10404
29728
6550
32110
24765
12688
14030
16512
16500
15382
8042
31188
28120
20371
1501
24923
22916
21214
26682
21651
6854
29562
22638
25677
16500
19205
26542
27658
16811
11387
14116
3123
1102
4831
1176
22065
28100
23194
21058
769
9512
29295
1502
10843
5239
2189
2911
8803
20820
25567
11412
30017
25650
6509
26492
13256
26515
8470
6578
22981
12190
29903
22537
31346
5337
24806
15871
227
7058
31660
26959
31232
1042
24152
12961
7019
22095
12459
1224
3047
13953
25738
30937
22510
16018
7738
5595
30319
15125
14771
16235
20326
226
9488
32652
22448
7000
25524
27686
2834
20907
32124
29074
22260
29792
24781
18472
26138
2738
22039
19277
12071
21067
3814
19767
11615
4665
6729
23347
17594
1224
7157
13014
12
4738
2859
26918
6525
17189
31229
31095
4962
10263
30023
6700
4342
5742
28970
21090
7223
19794
28075
23570
6066
8204
2687
25275
16567
27073
8409
10119
24592
29564
11683
59
5343
3009
24082
1805
1801
22911
27728
9740
17443
29423
10618
29023
4966
29541
5581
87
10984
12773
16279
9670
25087
21715
19721
3316
16929
19890
5289
22728
12657
19103
31701
28615
24494
25007
31321
8144
8129
9518
7600
14669
28155
28175
13899
10809
3210
31967
31918
32196
23890
6083
29693
30277
29210
1798
6915
15247
12644
16415
7313
20606
26641
12765
9108
12086
11670
31444
16090
3071
8689
24092
23609
21399
17025
2218
21084
550
23597
11397
13324
27844
32558
7559
16277
2105
18999
30206
10319
7165
26762
22595
14373
10600
14331
9409
23156
7013
14745
29383
2384
5061
12642
17663
20929
24535
11995
20715
13148
18073
8771
17323
768
32614
8051
13485
12359
12469
347
29107
22745
23310
18051
32294
29780
3350
14511
596
5951
10751
16200
32210
21243
27784
7673
23280
5234
9511
22115
32669
4773
31403
28032
10999
25124
12630
29421
21814
6610
11484
23028
25163
8502
1683
31163
17977
16397
10638
25538
15551
23176
29462
11608
27796
27966
22160
19035
14610
22382
30838
11588
9154
20955
7354
2561
29180
5171
8565
22248
20805
8806
3965
30852
28616
1855
3837
27329
27896
24787
18154
13183
10473
5976
23236
30794
20380
24130
23195
12938
2090
15218
3617
13082
28214
16273
3076
28648
28381
24229
2941
29635
18623
28489
20146
14903
18848
17079
26877
18152
29322
1900
31995
24968
28182
15298
23245
3339
15115
23952
10119
4740
6214
16239
27542
19860
7509
31713
3663
20990
32234
25173
24994
32667
15596
29043
29061
11142
3681
32233
20264
10979
22114
1141
2278
17779
5517
22924
27708
25485
10809
28855
4079
11495
6237
20784
30964
17169
2190
32021
30086
19534
24900
5148
1586
8422
17429
21040
23944
7897
21325
13895
9104
28005
29402
7431
17088
21355
14893
28362
4358
12656
844
10217
10184
12684
28135
32245
12972
21827
19472
13378
25944
13005
16502
21873
9519
28944
23848
32705
17534
25381
19457
15625
29032
2502
30937
32601
13113
15059
22554
20099
32167
15514
15069
31386
519
17453
11402
17178
31516
31693
5219
20964
14554
32753
18463
11535
11768
7972
25430
23032
12788
6798
4622
22481
3751
10908
2931
22365
18738
9442
15444
10568
25286
19933
6045
17445
3644
8959
11692
32429
3128
16100
2570
10889
2082
25435
27018
8075
27873
12899
8624
32476
14564
12547
3227
329
23967
21602
31616
863
12129
4933
5208
13790
22224
17301
5608
24679
5682
27989
18461
26
2334
12782
23841
15207
19949
28781
14928
10237
17628
27881
1740
14152
16725
29411
30726
18878
11945
12307
9034
26790
16882
24254
7620
31192
24478
17477
27506
26719
23444
2625
10164
14525
12225
3619
28930
20224
11581
27889
29690
20637
2318
20044
30815
907
30203
17306
3464
22474
16825
30155
25120
26649
9253
21957
30195
12857
7182
4412
10976
3794
21895
12079
17643
3217
10885
27947
10207
16834
22264
16310
5024
27488
30327
13882
18150
18438
20950
29761
19143
2286
26630
30569
14335
29398
30189
31529
2466
23571
3496
31024
1897
7400
3663
1679
31878
17091
476
9156
20068
26278
3978
32559
6534
27295
19856
10012
16701
6607
19923
14912
22922
12847
17834
19245
302
16089
10644
25774
9351
23849
574
27365
14455
3787
8425
30311
18224
5724
11755
15449
10073
3028
21631
8218
26817
22958
3050
10420
26692
11086
11883
17899
5961
189
13115
5721
20956
7066
31063
14763
8443
19596
7560
10181
32071
20555
22193
1794
4376
26329
18470
4522
5954
7993
8751
17427
18134
30083
17870
19134
17020
22753
28995
31012
15570
31373
16243
30670
29127
26281
32009
20912
14228
23357
713
5764
16522
6523
25857
27010
12694
2258
23794
2405
28666
29491
22862
10306
31571
25939
8160
18319
20394
21880
23249
15867
9709
7935
20683
4789
30677
8279
24496
29473
28360
23758
7787
13761
23551
27471
19149
7821
711
13972
23878
28364
23643
9004
17565
13297
3964
4915
26809
18103
7286
30518
9202
32077
14582
10104
26397
14608
1463
8268
13609
12760
10890
28672
4002
11940
31773
11332
20039
15585
6447
8388
12360
27987
27605
6198
15996
10034
11742
9400
21134
16287
30217
9238
18322
13672
28289
26629
32069
13930
9095
27183
28610
28100
23532
18274
12810
1918
9131
25845
6781
22524
7001
7936
25838
11072
15895
11695
30354
27001
8694
5013
19659
31783
15792
24191
28745
12449
30968
20475
2750
14956
15212
8768
30177
29068
20671
4597
18247
30314
20321
7365
31993
1723
14711
125
929
1096
20134
30180
22378
30788
30673
26173
32181
15183
23675
29170
1535
23552
3133
2711
9539
25473
13625
8701
22431
12585
9011
967
16550
21486
14734
22134
17253
2550
17665
31910
32728
25651
24711
7852
3092
30132
15274
2182
23561
29640
22235
16290
23426
15834
17734
16284
17008
26999
12807
11453
9323
10380
18805
32407
10430
11672
15792
11475
14627
4900
26709
17345
18878
16765
2518
30215
9667
22321
22921
17473
26782
13989
69
11028
31795
3184
12737
29688
6501
26652
26588
17493
24741
23099
17746
23158
11533
30878
23577
3910
17652
11002
32346
12168
32714
14319
24425
3782
24945
13320
7401
23008
2050
12780
20175
9922
6558
25745
30643
2653
9310
18912
7500
7605
6983
28146
29653
20065
18329
25732
23949
7808
9877
14346
2587
5071
16489
17223
16500
1312
3451
13321
20557
14615
31771
21313
20180
24762
6423
8250
7448
25574
16986
21109
17678
13703
9084
28482
31977
30949
2195
19893
5860
10516
21602
9572
20073
12064
7060
6611
16930
25433
3908
7727
31980
22903
32204
2689
13969
3901
16741
19765
28544
8374
30904
18799
14763
1236
24131
11315
25335
2243
32753
20518
19622
18455
30959
10549
1408
15199
9335
10005
15163
9830
2258
1847
19019
13073
30348
11360
6595
23902
2137
17339
2999
152
21720
17634
6419
21915
15380
13280
12933
1412
18200
31220
14001
7110
4274
11112
14494
7782
8973
9822
28609
25215
7792
8260
32218
22295
23053
29965
15692
30631
112
23826
1369
25501
28090
5127
16449
14206
20086
29979
20952
14375
10862
7689
9172
10270
10137
19525
14251
15013
26053
23920
23698
1999
23631
9598
6813
10361
8152
10963
2769
14516
26227
18989
11900
27326
1440
18899
26330
5205
32169
32014
28823
13241
29447
18101
15726
20864
14001
2835
12498
24519
13083
30499
8963
18183
15396
27829
8386
13446
23790
24754
9304
30163
20251
2638
32590
14463
19371
26531
23249
25813
24127
21973
5987
32244
20541
18517
27414
31059
8643
3254
26665
23373
23356
32252
5255
5641
19143
5119
27975
11153
32109
22793
6124
27560
29866
417
7602
20870
15741
10194
23550
1328
9921
1316
22398
22503
24916
29677
22066
15007
21749
592
3913
10543
27048
30420
24137
21630
28119
20562
14746
31110
7721
2093
13111
19146
9362
12261
1248
7493
10457
26715
6090
10674
17738
10978
6762
9867
24343
27085
3483
18095
618
12254
15603
17534
30414
7030
21714
4221
18774
23600
15159
32408
1612
14092
30505
25700
19725
1795
19721
1683
19778
13696
17602
29540
5419
16335
4484
31594
25980
3116
18748
25014
32735
4830
1200
6145
6575
13627
24482
27432
17740
1598
25414
26579
16635
17872
11156
30418
10950
25009
4854
15440
7582
29792
24131
9385
13449
29725
17833
15682
23872
4557
19894
32614
17490
10475
11884
3800
31096
6068
1240
7501
13156
24550
15939
10183
22261
3709
4811
6728
5746
6680
32673
4613
8656
11677
19
30177
31231
11801
18136
28826
1417
14489
28665
32663
1435
22108
3614
17690
32557
15164
5320
7173
5262
3065
29588
3873
10289
26508
15684
19817
29300
16487
28641
126
30814
30715
25089
2568
2620
10430
31690
8303
7556
6216
14569
2789
30220
27879
31583
22646
10048
30630
30115
23893
32415
11596
25903
1359
25980
18071
32057
8687
14460
29056
15360
18035
30734
768
29576
852
3491
12900
4505
26311
11786
5368
10493
3917
8730
21056
26900
22739
29489
24276
3866
15566
8690
30044
28473
24862
10783
748
31303
2375
10021
19858
8030
10532
29063
16785
5999
14294
1515
2901
2909
5470
29498
29136
7133
23762
28145
18102
7429
22765
31541
14170
21998
44
28420
21226
18341
24923
13688
14387
25867
16688
3992
3767
16405
21748
4337
13465
32612
1567
17345
25710
29131
32314
26141
933
19462
25114
13086
19418
1920
7933
8143
5916
30628
31734
23577
16540
32214
17780
17570
18704
19142
24671
17193
16281
22163
24082
24466
21921
10148
18902
31847
32201
8924
23639
26179
912
30309
2319
32293
11030
15099
30028
23411
7667
9752
22561
19160
13216
6716
1556
3086
448
2300
795
8442
4623
30013
24850
25971
8566
29330
28770
32595
25935
16736
23610
872
406
7677
13181
27694
7252
949
6883
13350
20550
800
29867
3566
10822
24054
11718
20772
23223
24851
6110
17306
21948
28687
17299
27390
17092
25696
11651
3024
21858
17580
17564
26379
30536
28544
22454
10391
3228
8015
21531
19741
4528
11308
28224
3754
23208
8819
20886
9193
23367
11254
19447
20132
3766
25661
5335
23196
23739
32424
20470
18075
13176
10290
16132
24090
31325
17654
15662
2717
1203
5235
6987
6239
16285
26090
17109
4770
323
22797
10672
14487
7224
11694
6186
23647
11289
24526
3691
16985
30123
15376
13843
20361
11965
15135
16488
647
3929
18774
22813
21243
12219
10866
29021
10338
27626
26591
5709
8529
20375
10930
18942
24899
27245
2315
27978
2912
24243
10563
13506
30077
424
11238
25198
30497
32434
4100
4560
1262
7206
15404
19232
2440
470
228
20086
8621
14216
18446
5909
2485
31441
14203
31434
10104
2437
21308
228
11303
4002
10034
6104
20023
3364
11717
12406
5188
16849
3180
30960
5684
31417
21815
31188
31445
32446
18244
12943
19577
19734
1682
710
2034
27229
30287
12639
1501
5747
18294
14801
3777
30442
26599
13263
3890
1942
19763
10519
31166
31780
6276
209
28966
11187
18440
20349
21973
8307
5274
22044
17998
31622
14656
19140
2799
1680
13447
10405
16845
2600
6799
15589
28777
21030
18697
29074
25913
11796
15679
30549
3066
13809
28342
25188
1053
10492
26528
5795
26993
24011
24334
31399
21413
28862
22346
22754
6648
10049
13704
6598
25857
23597
28319
6532
2342
15127
16175
18291
2269
5625
29732
31990
30351
14926
2892
3379
14996
22628
27160
30381
565
20767
5012
23410
20873
5172
9437
29690
23135
8818
29285
5323
22311
17734
26274
5700
14699
7760
15755
31180
9
22396
26343
1815
496
30153
15372
20462
26323
7755
19512
4237
26596
32481
19842
15895
18227
397
16061
17557
13595
31462
31106
31036
6022
8720
23062
7571
22455
20942
15749
31645
32685
22621
25848
8911
2303
29959
20444
8476
19340
4147
21786
15184
31521
15429
11833
8998
6064
9026
17901
31110
7269
11977
28209
3778
5792
30112
10396
19022
7736
19360
26202
28465
27993
13944
5072
4565
3765
865
26210
1969
17782
18285
14797
24782
29452
13786
21692
5832
21369
27967
11080
3212
29020
9802
10322
15811
12235
3112
11670
5227
14438
30848
21697
18104
221
21100
2709
24345
29631
27011
24482
9135
5362
21425
24816
31294
15073
5677
30041
8542
10780
14208
6948
9969
2468
16958
29682
26631
17115
15759
21449
7565
28839
12918
644
1257
1513
31290
3510
4970
19488
19477
27549
22217
18346
19906
18009
11487
28566
19560
4420
22559
31702
14515
2290
9771
21765
2754
28913
24918
28090
20506
18689
7600
32238
22390
20004
7589
15789
13287
27276
2573
21710
10832
14836
3332
16945
2572
32427
1679
32128
29428
20018
3517
2869
8406
23260
16509
8973
32212
4762
2071
26121
31492
20902
28610
29018
7
8828
30354
24702
10260
29437
25958
2389
31906
18821
9552
27041
27459
23296
23152
24051
22041
28167
8957
20149
21467
13675
18836
2221
32254
16198
32236
29381
2343
15463
15940
17367
21974
15961
1986
16236
11432
6426
9111
22900
29523
22544
31279
27967
21769
11395
15757
29914
6809
26216
30558
25191
17478
26396
5930
26073
24810
4097
97
1507
7056
30163
20458
958
2660
7203
7241
1516
28523
10939
21271
32447
21789
29137
2645
12311
16005
10256
9070
3682
1109
6243
31159
6539
28105
29710
1442
2864
7691
12320
24950
30187
3114
15360
29758
8817
28059
31092
13030
7025
16550
11556
26464
29249
32207
8484
16705
21150
25866
27097
6850
31887
23788
10251
22743
12335
28651
16789
7341
32653
7479
23788
8275
22440
28759
29216
4157
25092
9336
32450
32414
9486
32195
22693
11650
535
31985
15904
24549
23632
7861
6401
10747
21736
31324
29722
21539
7381
18597
25057
21478
26039
9548
1338
8667
30644
15254
5166
19188
25300
32671
1782
1890
10010
7152
13369
24780
1809
21599
24128
1346
1366
19723
11069
19439
19981
26014
11667
11320
526
12029
32671
30583
503
27340
2316
2389
29735
540
19075
23081
20782
29191
1807
27300
18122
21176
20771
24422
14937
22250
25595
22277
8220
28570
18548
3192
15706
8523
3933
13196
16412
3505
27027
11442
24503
16000
6453
12545
30255
23417
7550
28402
13031
10131
5574
15362
11220
26286
9876
32502
11017
9976
11878
18994
8954
22174
20067
17682
13450
4152
13797
32522
9874
7627
15935
5814
5933
23573
14071
17094
2999
25913
18718
16987
21764
15282
4903
1505
528
5122
3396
318
21458
21799
26836
2998
20946
30104
29750
31101
16210
31766
5826
14009
17906
8522
14205
6925
13036
22719
21409
28869
8443
25981
12454
16896
22870
4100
28726
27147
6931
6439
23318
10424
20633
7913
31354
2320
1963
22004
3630
21600
16646
15386
6222
1619
24912
15806
5668
17997
13714
12760
4146
19971
6710
3493
29242
23734
25626
17137
5777
25173
12248
24944
7869
27964
13335
19749
5642
6383
8279
10665
28988
17375
29238
31630
18764
11755
32754
30440
11682
20665
16221
31613
7414
18177
3386
23780
6790
28448
27034
18006
28678
8508
16982
20405
31567
20640
32122
13019
26962
17361
527
32213
30375
13897
32333
8322
14469
12941
7917
18780
4004
17117
21458
12085
14632
14944
6929
8941
30799
20569
7117
5655
3648
4737
7976
10477
9204
21328
11781
19387
27875
11428
18198
3427
8102
30377
16693
21084
27751
11996
710
25884
22446
14899
16218
6791
21139
12676
27037
8842
4136
32397
30708
3786
29275
31693
32549
7890
30582
2298
32431
31440
21417
6502
1880
13220
22788
10615
9459
8325
31403
17330
10514
2113
5826
19902
7395
28068
17713
14637
15674
21564
12284
27549
29762
25680
29839
15703
18699
31357
15347
19745
13765
26904
6801
7107
16904
32501
24254
26916
8010
18690
16364
10433
23065
31121
24313
4784
31615
27138
15047
23068
12894
18660
8897
27069
19826
14458
19399
12916
29460
26382
31340
6090
7302
1064
14373
22969
26434
25437
16291
718
20310
7957
14157
23859
23156
8999
28458
16644
9221
12539
10892
12721
5939
11350
1034
14357
29805
20900
13638
12873
1181
23616
31346
29200
5321
7368
27694
30259
429
3372
248
21199
15158
4575
29208
30793
15530
19724
32388
30753
32431
12911
30917
10894
25919
26627
13231
12127
7145
29017
15428
12381
14271
10517
23998
2768
20118
9624
12117
6576
21
21400
25102
16748
11680
21244
12127
6653
21203
30685
10292
9084
6337
15205
13926
21809
23297
26005
26986
3724
26120
19187
8594
32064
15099
7790
23506
27450
7629
4525
17088
6872
7952
19303
16368
24423
13193
7465
5016
31645
16442
22379
30459
32562
18972
9385
175
24730
13711
29073
26746
26461
12793
6711
25398
10030
4814
22957
7583
19331
28608
21297
24501
18215
29341
31109
6391
8874
14787
6878
65
8308
11001
27987
4317
15534
31467
8556
210
13032
2617
15860
21309
11018
2456
23032
25615
31394
6996
12120
14621
1910
24792
31237
1847
19337
4038
9640
12399
17120
19098
27889
2943
9824
3481
17320
690
18245
2365
11749
2957
8699
16421
1237
7894
22235
12044
6842
13167
8969
10735
13749
19696
13080
29232
29279
29096
15608
22072
19695
21050
13849
27514
20793
6077
13945
10423
18316
11216
10458
20130
7664
24781
19471
10741
19202
9928
16590
19051
31048
29888
27469
20188
28524
15367
20304
24379
25450
7786
16671
23022
13444
13928
19817
6795
26917
2892
5549
5279
17366
18855
3706
17875
19377
2898
4196
16226
17065
24732
1078
14167
13668
26404
7817
14046
5671
2363
7803
4956
11752
893
22262
27848
7226
1247
29062
27726
8295
10245
21860
29420
31657
9058
27900
20556
26158
24644
10197
30429
19947
12157
3669
29340
26707
3348
2201
11477
1328
21231
6421
16271
2766
23838
16232
18481
4398
30965
32619
18758
13193
743
9244
16429
25889
21893
17832
7150
24565
7901
23938
16178
8584
22486
19205
10200
23441
29691
5828
15201
17429
28338
595
4098
18921
7531
1517
22203
24678
9494
17655
19343
22168
7095
15883
17791
998
15760
2763
10397
32186
12294
26470
6435
1909
4855
29009
24334
32609
7137
6231
28293
12613
9438
7367
441
12412
31743
10541
7619
10610
22109
7562
15491
31675
5283
32189
10800
25554
1438
9314
28131
1270
1526
24319
20746
16771
17074
28698
19029
376
32512
8008
13637
19630
3125
32511
22572
30684
9622
25506
18186
4363
6203
11947
12887
14810
2524
3258
9569
13203
20483
5300
8336
2694
7122
23015
22654
3069
17659
31411
13165
917
14699
212
25411
8805
1414
2086
13031
27674
2982
5171
19039
5045
22543
17570
19903
21303
2364
13340
20383
32584
752
15604
6229
24910
5454
8828
16363
16455
26506
13698
2404
29223
20650
30239
21092
21818
22345
29853
17197
10902
21512
18135
14134
30811
10449
20253
6027
23572
10722
19769
5261
2849
13325
16865
21865
10457
32333
4216
20533
6015
31609
675
3633
31467
7005
23766
9324
18788
26946
4775
8595
169
26770
23862
7758
25334
9894
32203
32325
335
17367
21052
17530
19967
13344
4197
9772
31733
10881
406
17501
3355
2277
28289
9309
9098
18649
6093
9376
28441
8225
5888
17315
27201
9913
22342
6987
1830
31368
32001
29657
28421
18344
3787
17928
3095
15017
566
27835
16216
13577
29231
8983
24971
8843
15489
15514
60
2252
3998
18791
11570
22812
4479
4477
12419
12079
15342
32350
31441
32228
21078
11050
22320
13832
28829
26570
4493
12673
8820
1183
4157
8212
13792
14451
15581
22894
5016
25448
2660
21209
21325
21990
27591
1433
439
7029
10343
21896
8612
5600
10446
32313
22853
30138
6216
14194
30761
20962
3351
8318
4687
18526
21249
5248
20513
12154
29010
20594
19180
28340
5942
20025
22757
7078
16086
26306
2967
28594
4444
12243
22285
6127
25464
8377
24525
16713
994
21446
18744
6053
2719
14605
3485
14123
25037
16759
27885
19404
24073
28671
22142
19318
28241
22878
24088
23597
12507
26932
19466
4052
5095
17983
11167
11284
5976
26086
25361
13681
17745
18926
23435
26932
3550
475
3972
14966
23339
23574
31067
17218
29081
14750
21435
27476
102
12686
26848
19109
11636
8336
19862
1674
24641
25276
22590
5345
7611
19770
27638
29003
26694
1913
19326
25895
19711
8810
5908
2970
4269
16133
23622
14223
19635
15258
13865
21056
15821
14984
26655
11638
3075
25380
7421
7483
27900
149
2015
31120
12124
6334
3016
26890
32622
16440
19104
2594
2880
20155
3047
14706
5512
10779
20196
20444
1218
9380
5118
17433
3376
26143
29758
8169
14920
1418
32220
12707
21917
23571
38
20389
30462
12460
30928
25505
27415
9707
12381
18555
5008
21223
17094
19967
27961
8704
21870
29292
1674
30571
4805
4683
25126
15327
12237
29641
1800
13891
16205
11121
22846
8740
27142
25738
17424
10004
19204
6237
16330
16338
10899
13272
21294
16066
8771
5128
23075
28615
22460
7741
6344
24134
29694
2413
29651
170
18470
13059
3240
31069
12420
4585
31023
16365
14949
1845
23878
23416
22677
27784
19692
25175
3643
21713
5199
12668
26460
31927
19500
16533
23013
25761
32468
7882
16827
32483
5002
32342
5640
16703
15310
17426
13680
16772
14233
21110
15027
20928
29506
15979
12956
20745
17252
18090
18437
6798
22707
17726
2589
9531
28514
25916
21727
743
15168
11633
6978
32385
9065
27477
24122
7564
1540
14436
31583
16784
30230
13894
12692
4882
13102
13621
16822
16388
31795
16992
27897
27750
21586
6861
16953
31848
23192
12766
12065
7155
29301
24885
8620
6180
11518
29259
12845
17396
10324
193
19864
14798
29784
14079
11131
22649
31068
7535
674
23161
24346
7959
27414
23428
2035
1319
11188
2136
24069
32136
21825
4579
27993
18232
1159
19796
6116
22965
28822
12071
5608
19360
2557
2070
28358
24324
25415
5963
9195
28835
25313
9701
26934
4625
23026
29824
31692
21798
2938
19460
29161
16859
29333
32687
15338
5720
11891
7916
99
19333
26134
31249
688
26405
13742
30194
23837
26392
19181
30342
1377
2034
15709
27106
21411
21465
27484
12551
6698
17694
13314
19697
17702
23202
18898
21191
30686
17115
4550
15021
11793
15556
3539
8579
3576
31934
12709
3652
20752
17914
13324
14453
30541
32683
30462
11717
23065
22497
31739
2417
10760
1151
2547
14533
27622
25976
11693
1202
10056
12806
5415
18664
10866
30002
29208
26058
3347
27842
3929
4830
29926
24585
6293
17478
3308
15092
15187
22082
8591
9247
17387
9835
27058
25457
10427
10987
11832
16745
6522
29872
16177
3524
8242
23067
30614
14056
11517
19543
30193
18965
1370
4651
10782
22243
873
20402
26047
1891
22829
25352
16088
18608
10082
12945
18792
7801
10038
4657
30383
11916
27085
24924
17983
14398
18454
29840
26302
1522
2303
16731
27081
30147
1014
7369
18442
30978
6392
10396
8245
24735
16194
19554
23878
30586
10061
19471
17916
18965
31818
13932
24840
3497
13596
584
5968
24453
7223
16892
3830
4082
16801
22886
24495
23205
27093
6953
31348
20835
16352
7854
27715
21509
6346
219
1355
15306
29167
5701
25454
24158
909
24084
26816
16341
17496
16797
17434
12584
4810
23843
25526
13252
25617
13066
28473
18685
22686
17203
16442
22301
27026
3322
15883
1093
2594
726
785
20974
5000
27485
18324
25257
8665
5097
14271
9749
11158
5568
6097
11740
5499
16244
27529
10522
20418
30842
15137
29208
10639
11748
2545
15626
31468
924
8312
19708
3433
9781
27938
7905
18151
11770
29874
14629
2555
3211
5357
16637
679
31468
14781
7447
11783
20139
5795
18459
22289
297
31713
1008
549
3306
30849
24927
21726
4440
10204
1634
28451
28151
19210
18401
26138
15049
9249
2682
8520
11296
29405
28749
15806
3286
28645
8369
21216
2674
13703
28934
32735
4970
10838
25796
2231
76
15307
23889
32004
11580
1173
26841
27353
2521
23532
27157
31492
31274
16616
20844
1089
11253
7781
21144
9741
16458
423
26758
21451
23036
4005
5072
25657
17937
19036
3781
14615
3074
4421
13493
26190
16444
13738
4253
26548
29679
32043
29224
28672
4560
611
1658
11058
24601
3391
17627
29285
15567
14937
1557
26240
31150
6653
22467
13041
533
21874
2984
22837
11674
25238
9628
22935
20182
23404
8536
21796
11857
12555
5102
24703
13912
9948
27515
11989
7426
19631
548
32727
22083
3055
24605
21324
2230
19897
25379
20544
9257
17755
4175
3516
4569
1091
6135
32333
17074
10773
2504
10107
8366
17736
25088
2477
7415
20018
30533
11501
15654
4123
25391
10839
9853
20881
17986
16816
13997
7892
17096
5737
15972
16056
14441
3759
27221
5183
11574
782
21567
31848
26461
29837
5620
6592
1375
23304
3343
29812
24903
19690
18086
24495
15879
17745
18156
12871
9387
9470
4414
4788
29123
13907
31197
23470
25101
31762
25370
30870
28648
26179
5205
1622
2525
12374
23021
1804
5393
9996
4562
3204
19752
25736
12515
26367
26022
13399
10809
9102
22431
18685
29115
30414
250
14386
6221
5762
10589
21122
14410
32265
9049
24267
5587
10130
5883
2450
30433
25891
3524
29641
19428
15027
5740
15469
18980
25506
18837
9145
5605
3069
7979
32394
2760
14150
24263
7197
5545
21563
1062
32726
27577
5809
13108
25744
14147
24126
19968
26208
4915
12797
26986
27527
25337
12134
15377
29900
15669
13270
13705
24869
15336
1511
12987
26674
5616
21899
16032
6837
27083
3907
32127
6086
6802
14488
17188
22830
3193
22917
27496
232
28417
22569
22242
28007
6009
8627
27696
2565
14086
1310
12553
21580
29782
16886
29888
26327
8527
32506
8368
1472
27149
8708
4460
10366
29426
23648
24177
20623
26667
11324
11393
9198
460
5500
4491
15872
29717
27137
12190
31038
11340
8931
32518
6012
5881
2513
17998
9808
32043
17279
31092
18639
19176
12683
10359
12108
18830
7139
18339
31117
1441
8063
29450
1920
14346
416
22764
22529
8055
15529
13703
1296
16161
25875
15751
12353
29940
25267
31417
18949
18842
27699
31079
2522
16791
14373
13145
11575
20301
28876
26655
9876
21059
9557
2265
19852
20690
13506
2133
23761
19924
1175
16148
6682
17571
16068
9531
26635
29284
20503
27452
14739
9243
29180
29845
27101
17845
12290
26259
23457
26347
4928
24523
30266
22342
27472
880
7815
23415
3629
20090
9520
21139
24037
11017
21417
27284
27853
26912
17607
16381
13902
10896
3436
30009
5167
27203
25985
29406
24018
5652
234
6811
30837
13481
7148
17225
3372
18345
26116
21800
6886
1306
29137
20974
12418
8548
8279
31996
17520
13865
8578
13484
23843
22675
7028
24112
3886
11405
21938
2638
15210
12497
25866
12705
29019
8827
18561
5104
26473
11600
12129
26257
7250
10387
15366
4748
27342
24316
1702
19400
8689
21199
26376
18231
4732
5606
9121
18055
29446
10243
4168
5250
605
23660
26169
26103
26934
2659
13025
24456
2553
17088
8793
16762
11988
28561
9809
28454
23610
8487
2471
12391
30521
24256
25734
10205
27893
6026
7329
2478
6679
19278
10397
8920
22176
12498
11656
14830
17471
638
16550
16042
19152
12427
8109
7785
4204
676
3344
26664
12266
12624
11668
13167
31355
12918
18472
31220
11913
23174
8305
17574
16298
3791
20536
12590
4397
5083
899
28103
24133
1418
20149
21973
30866
15636
32195
23103
1879
21472
14103
21836
1872
4258
7285
21050
29899
24281
14266
11661
18217
30593
30981
17307
13976
7225
22373
10115
10907
13543
17619
5469
10573
17027
6633
32528
11560
28718
25924
13275
26798
5765
9812
14140
13523
17310
27323
25734
12487
19682
2374
30992
30559
5736
19683
3974
16359
5690
19928
31638
17863
10372
30429
19899
27696
3143
18342
5005
16486
22213
19900
10680
16142
22164
2154
10549
5739
15810
31717
8728
2349
32054
7095
29405
4851
518
27590
7116
362
20
17229
29321
23147
9224
31840
4803
8512
26923
3716
21827
23211
26224
6715
30604
4395
12409
18260
29346
4162
27943
1823
18518
6021
26572
20344
19184
25473
23467
15162
5086
7266
17728
10279
635
32711
22836
27161
13515
29921
17068
32487
30870
10111
287
22002
13294
18552
10403
14854
14531
10065
26144
15322
24556
700
31621
7955
9337
11043
28363
17218
18652
25630
24848
19984
21550
22331
29142
31581
28222
25647
13565
27561
19953
10289
6320
4316
3565
14280
9004
29961
20546
15366
11995
1658
8813
28098
15830
22481
3972
18185
9372
23281
16177
13468
9803
2206
25763
5864
11109
9921
6460
31642
32437
29356
2919
9853
29333
23633
10935
16874
31600
15139
12000
25823
11007
29930
32749
1586
2653
29276
8851
29217
6067
29968
23604
26915
9932
28134
18111
13391
4769
21170
1335
13706
4201
9608
13905
18216
2934
26544
9014
8268
15285
3563
32010
26892
10063
15172
17575
13030
29322
2910
13380
10160
18348
3261
13258
29422
15144
14127
1251
12024
24373
10779
27801
30970
15433
21023
11511
15519
6857
15611
8625
18838
29893
24179
18307
23311
1353
22634
24218
25251
15676
31773
13547
9715
27843
12806
30212
4032
10827
16767
8852
31493
28507
4352
2655
14364
1482
27462
20516
6554
13943
7544
8043
30801
13716
24037
20727
21337
1732
23212
17194
31409
1632
4900
10293
4292
27514
13966
31936
8333
28949
11849
15894
3043
25459
14628
20411
12023
4408
4450
19662
17338
5760
32335
16964
20868
8921
28193
938
19185
14740
17510
29885
25982
32399
27863
16073
13364
26674
31277
31048
8213
10750
9220
21006
32471
22952
22179
14771
16904
13157
15110
1461
1579
30865
9518
23130
11090
11956
12898
780
5644
807
4255
10339
16702
19125
27681
4069
26416
31440
22414
16883
14725
5302
11986
5924
26031
18834
29846
18115
31970
8508
32149
7421
17473
9136
25829
32676
29595
28746
16341
23902
32433
19490
22439
2923
11914
939
21256
29439
3613
605
12494
16324
32539
15808
16666
1435
12632
32722
27057
3195
12493
16233
30178
7640
19481
3022
31240
20378
13982
7017
28227
23894
32603
19466
5054
10508
16129
21973
31570
31081
15736
6304
7200
31756
16576
17945
21548
30460
15485
14772
27876
27933
13159
4601
20689
17948
18748
5491
1936
19150
17816
6179
18604
31668
7575
29915
1454
28671
1000
16587
12071
2027
31868
9672
12392
19977
683
19155
10463
26542
30257
24781
18938
27972
15683
19441
29682
28652
22332
31067
13174
21134
32097
14961
7655
28910
25757
32430
14698
22567
15560
30450
8619
4197
10172
5125
29153
10370
5120
27831
10290
22682
11397
26271
13883
10622
26762
32507
17960
6993
13395
18450
25433
18055
11539
6613
12609
26312
1
4949
10932
10277
9747
23836
1956
27505
29632
8999
24247
1902
17776
30694
25579
20681
30507
16439
17672
27627
20379
27391
6211
6108
5125
3480
6431
16992
7330
2293
2850
18935
30269
6653
2489
23297
26557
10795
20503
20995
4018
23621
7082
32143
16350
11125
14137
32515
16922
459
31872
25060
19371
28095
11686
20040
4546
5374
28554
31584
13184
11583
27047
15298
873
8909
8113
9675
9186
9903
31978
30468
26605
9558
16558
25111
31477
8465
1873
31604
30759
6746
2590
29075
21347
4736
25823
10777
17280
19464
14055
15879
16189
13960
20806
9118
5060
29320
21375
7474
9571
3207
7041
16633
2221
29905
17804
7743
21459
21662
9232
10567
19883
12113
5975
12186
31106
16804
82
9019
27746
18127
12705
2997
23081
13993
15725
24785
24164
11819
20051
31534
11909
1665
23903
9118
8354
9560
3710
6897
17310
19413
18588
14405
11039
6183
15930
29868
2944
4172
3787
26529
20307
25436
28907
22594
29166
6437
28959
7190
8144
9869
16456
1179
26516
20471
20681
6536
9114
26949
6354
20066
13869
24041
15361
18043
14271
31227
7703
4916
20516
12278
29739
9450
8616
3405
20825
26536
28214
15043
26521
14643
29856
17409
17668
3798
28036
29814
14690
15811
3353
24157
18316
27059
165
6944
4563
8663
1064
828
4117
11501
26161
32290
4610
29178
7615
8559
6019
19354
30536
8499
25840
26786
21534
4596
26714
9572
139
12120
2252
1398
17150
16739
20482
9876
30743
21623
2767
10693
21751
18235
31704
10381
17149
13293
4142
22690
13727
29028
11429
298
23720
21162
9902
22828
10981
27275
19176
20367
21188
27491
30538
6529
6179
16831
18046
13535
10275
17221
5494
20691
3438
14813
19488
18265
20755
13744
17789
32566
26011
26434
31550
11876
7096
19843
13432
2444
5506
16971
26294
30212
30419
25199
15455
20505
28410
29978
19164
18492
10645
20692
28341
15952
14863
19244
872
23245
11989
679
16462
29240
9966
18736
27571
32754
1624
8162
20647
14860
15124
5040
29658
26742
28289
23809
26476
18032
31791
27393
21806
17855
6408
32262
25215
4075
15164
8958
28806
6716
3353
17546
28461
3569
605
7430
234
9916
2437
8015
2288
32295
18412
27344
27925
828
22876
4589
22611
6735
10569
24707
8793
4490
11651
27380
11374
15188
4060
31891
847
6248
11723
32559
27001
2063
17110
11249
5357
30084
5115
16475
26362
28202
2091
4351
13428
29934
17237
9716
22548
17333
5958
5073
16565
31849
28446
32397
30819
4059
16372
8759
16686
22827
656
24622
22526
6477
18449
9744
13706
7819
7377
3644
16650
30930
8805
22631
22509
9232
4968
19304
20849
3709
16702
14304
15533
20855
3484
11831
810
22544
26445
2273
22991
1814
27484
11899
32152
18190
31025
26133
8435
4396
18975
17006
10904
21740
29246
1971
30213
13477
6705
459
10634
13306
16134
2054
28001
956
22284
25965
23312
7015
24594
3023
23480
18697
5409
23047
24532
19707
22369
21731
25181
30593
14232
31830
1269
4854
783
26016
17004
11735
16533
30055
14463
5271
10184
31643
24901
31689
20079
3428
16529
32720
3439
18477
2281
14301
30813
11110
3983
9897
12405
27954
3746
21504
23852
6368
12264
20158
10878
25774
10907
16274
22111
32509
25102
4471
5292
6560
27327
1376
25167
13476
9966
19296
17966
6321
19325
29694
30669
4968
4497
14644
29068
24363
8413
16155
5550
10777
23124
260
17191
28338
6777
10283
222
17240
20024
1559
17263
27726
19658
23820
17257
22191
21708
1514
24416
12604
19023
23310
7934
6843
26423
7392
6576
21514
30479
17634
17767
3804
29391
28951
1845
20608
24824
14840
18822
29424
16859
25067
22796
5323
1939
24009
23362
17307
9438
15009
22262
23160
7569
23937
243
29068
14092
1723
19569
20926
28348
25247
8387
10854
14410
18040
2822
17795
13495
246
19603
10641
5974
25090
17493
32439
17692
20122
25296
10165
26233
22970
7779
19836
9076
29761
14021
7978
5482
21049
1164
16008
8588
9339
4842
15355
27307
14969
22471
9057
22686
2147
1958
28143
22310
27298
16535
13276
26074
20532
6423
13090
24126
14859
1336
12135
29890
13902
32325
20894
27929
10971
26243
1180
16873
25371
17504
22152
7027
27097
9754
9629
24707
16485
18531
20819
28809
234
30775
20418
11607
27284
6597
24957
26290
15018
17355
11525
31106
3675
30872
19793
2038
21959
13129
21951
6050
8513
16811
30782
7765
18030
14513
22834
5574
935
15127
12081
4638
25712
18261
4948
3791
15016
21465
24950
12516
1166
9685
13930
7576
4207
2264
31915
14215
7022
23252
3821
7306
2410
16873
16951
6625
10424
22256
10297
31730
15606
6483
3277
8832
18661
7787
6273
6609
16359
8256
7288
9481
27693
21772
23190
9568
28551
21172
8117
7591
20774
11974
15343
14613
2930
3452
20497
14364
397
26509
1409
30050
11493
30861
6359
22764
12211
1259
9691
1762
18935
30833
24126
25374
29472
17357
17174
8789
4917
22802
7090
5404
723
13580
15110
8447
6703
1181
12179
30499
11182
11054
14390
2007
20332
14532
19216
30174
24986
15329
8756
25624
1609
19733
7296
25483
27072
14258
20381
1963
19774
15535
27334
14912
15484
6778
130
20451
2326
17926
30793
6605
23923
5900
18305
16672
24967
4889
9194
7091
2133
148
10308
25024
11707
31903
24200
14266
12485
29752
20909
24308
12093
6842
11157
5018
29685
17775
31333
9700
2520
30095
807
14404
14944
20369
1570
15289
1752
18545
3104
18245
26676
28451
14914
16120
21048
27123
17626
27328
6889
1377
26671
7356
65
2938
20703
23168
4729
2165
5128
9285
18945
8910
16933
28845
1228
17145
15893
17256
3906
28701
21599
26768
14790
1321
5517
22098
19545
13055
12495
506
28294
10826
31513
5420
21101
16620
28964
25531
7754
29915
22962
18958
12443
20404
14310
14277
28539
25586
31791
6623
23695
26223
21732
6991
9068
17494
9791
19060
18689
1890
3127
7593
1849
24536
22284
4262
14490
17761
13892
10273
1110
19809
15423
4268
15310
5939
3920
18813
3912
1084
31684
23386
26641
23391
11543
32666
21252
29977
6876
21175
30464
7941
12535
14747
6012
2895
26864
107
7158
23073
27930
27958
465
6345
29885
2190
32380
29655
21295
14754
27833
20294
12863
837
26680
301
9009
12941
14211
2361
6119
10184
21686
20674
28845
3521
2635
17650
6556
21301
12705
30217
13603
3540
11736
21636
2063
5573
15845
9837
17882
9334
13735
25811
31429
4307
5694
23289
9176
26337
23189
7795
2948
4169
7596
18688
15438
3799
1219
17068
18799
27100
4178
25644
20504
25275
8978
18249
27269
19625
12102
15517
22731
32595
3803
5016
25049
19365
5055
11121
25027
7569
23107
8482
8478
3438
22583
24657
27585
3838
1987
25251
27635
11250
26099
626
4500
19268
18765
29628
17287
28277
21878
14222
17476
2380
1455
13274
4342
10343
28762
866
5463
32370
652
3801
21760
10141
796
4633
9611
32351
12679
21986
17279
15460
19781
8248
28332
22003
16161
11016
20781
1510
32396
21124
16109
23497
8622
8720
23089
19824
20312
28768
23620
20704
1797
22788
10231
23316
25386
4901
26208
19406
8016
27383
15568
19996
17275
31986
11673
2331
25484
16259
27619
9181
24956
27010
21876
6957
5682
22915
25565
14181
11586
19303
14638
5201
23679
26506
29428
9347
28895
2131
10448
25953
28411
30861
27314
6303
15838
26315
13646
19328
32665
22347
10758
15359
23474
32743
25135
18286
5127
12015
29731
32212
17799
10103
13125
14589
12964
15213
23211
11690
26115
23851
11488
22811
24746
26646
8602
27822
24427
31040
32030
27894
4089
24298
9096
8535
20155
26385
9404
11455
15114
11038
23725
14296
6172
24628
5606
30843
3478
12643
25393
6657
27468
14985
24490
5507
6238
24673
13126
26853
20085
31686
7262
20225
11940
7154
21898
8942
7647
1274
31130
29734
11207
1424
1593
183
3863
18571
20544
20068
32652
25729
9119
29522
26109
7473
25345
19016
32662
4162
19041
20061
10818
24679
31227
11634
7294
24479
9731
18550
19394
15066
12758
21541
14621
16146
7234
7299
17493
31051
29934
4333
638
12500
6576
13915
25989
3190
13583
26850
18166
6444
26143
30025
8365
25187
7207
1805
27377
22902
1884
12002
14342
27592
2718
24913
14809
23654
22687
15544
26393
16333
22940
10635
29105
22018
7521
32621
12575
28887
30704
17714
2016
6614
30177
24985
9158
17615
6127
9763
17810
2537
15375
1290
31977
9048
17641
32506
31322
16609
28449
25825
16810
11404
22179
28054
9071
14827
29842
22286
30067
2727
22877
22045
1559
22742
5329
30614
16242
12598
8416
18741
23484
21741
14922
10311
27878
23611
23828
28615
20016
10500
6453
28466
24304
16841
9898
5858
8849
19273
1705
7830
4664
2207
6722
5681
4446
3912
25986
20617
3849
13881
14500
27541
27188
13479
12174
24856
12373
26335
25219
1623
16827
17702
16765
12588
20509
16940
26183
23653
2093
1104
12328
7376
1998
16008
13920
1093
1818
21347
3476
12115
21241
26157
32421
11781
25801
3075
9292
16321
775
28690
28481
30172
27595
29712
20348
16442
4676
8034
13217
10963
30000
3404
13913
10909
1251
31708
11251
17429
29679
8998
20817
5393
9830
5567
8110
24404
16368
6486
16268
6374
4591
10143
16287
17094
24386
7578
4910
22100
5117
2238
28170
32064
11267
32578
23270
32657
5139
608
25419
24296
21861
3823
20301
30141
21701
14992
25986
9475
23143
2304
10884
8753
30905
1771
27092
21339
15538
11598
20646
22174
23302
6616
5543
21953
18979
18070
3966
7827
27011
7364
13935
9259
31617
1052
23560
3277
20354
27095
26250
17377
1752
10249
5185
12014
24432
14237
13728
8278
25597
11530
27575
29189
18913
10541
19205
22025
8649
9632
18799
25213
20618
21835
6332
10768
2667
14255
32139
20945
17310
30465
21866
2222
13680
14021
21822
3246
14361
6713
5094
1419
17911
32666
13195
27622
1397
14018
28359
30731
13189
22355
30029
10942
14664
19553
24199
28213
7176
12524
1803
3349
20301
12881
28835
20663
15754
23407
13069
32741
7256
27838
13906
12935
22019
15201
20040
32421
31403
31423
24890
26267
18399
20956
2703
10232
26185
12099
9403
5695
418
29685
21638
3137
22426
18302
4665
12926
18246
13519
17391
24716
19212
4429
18167
15149
7095
9454
17582
24660
1047
5140
25083
30217
10489
10563
16170
18592
14888
20121
22649
20598
9601
19571
9832
30456
32257
15445
24394
17999
21807
3283
29306
22205
17905
29886
16366
18520
25718
18852
11704
26450
12169
22292
3990
15562
31790
4616
23353
17824
9516
21787
24250
21615
3216
14380
7458
17275
13846
3931
6070
3817
28119
11060
8503
14169
3905
5455
25333
26747
5400
14936
31292
20198
9148
15386
1829
19469
15281
964
11419
20212
13031
7725
23532
934
30710
29097
21717
19267
31520
30310
1467
536
25977
18453
28223
161
1873
10548
20757
66
7041
26095
24714
7142
9709
28197
9200
2150
20525
31690
6799
22606
14298
11393
7061
10778
9921
6872
8426
32679
9660
15688
3476
12634
18329
7843
5857
30426
27186
25923
16952
23340
73
5124
26636
8529
16256
31099
24334
8803
19046
24522
22870
1457
7952
16565
6128
24310
14202
1954
26548
15994
24952
17507
23835
4732
24739
8115
31545
24817
27989
25487
23762
23604
6232
32636
5354
9459
922
6727
20231
12086
15577
105
15832
14357
22467
4090
8593
1325
10703
10390
7701
18088
17020
8017
15212
26682
26509
17509
16862
25874
32036
10759
11646
20076
22149
4407
13216
9220
29895
11065
18286
24911
13659
15335
12602
14853
25337
6823
9985
27669
42
5510
25362
19675
31520
21376
30844
19168
18293
196
7027
1359
6824
20762
16027
21917
15675
15005
17580
14280
2713
13350
6280
24830
22202
16575
17544
3137
293
8935
7264
4115
346
14369
15235
12312
12693
14040
31939
20714
2368
22111
9807
15420
22819
19026
20465
32485
28689
28751
2082
6700
22337
6316
28388
17683
4701
28740
25678
21082
32707
17231
771
31531
6699
5787
28068
20063
30074
28241
30935
22435
23868
1783
29212
14737
31673
18169
11855
29023
25971
17597
10578
19051
19772
26314
21253
11133
484
24900
11325
24408
9986
9604
4377
17840
24333
15945
31935
31053
21899
3229
13579
27590
17603
26383
9082
16075
13064
16053
11048
16059
14395
8903
2663
20908
9447
17801
18682
29161
24772
679
23237
25172
18263
22742
31045
14040
11695
20034
17609
2747
5426
20672
274
21021
23508
20633
14229
7114
31432
5675
13368
21469
6485
10338
12294
10143
25123
918
4096
3688
9714
24075
25789
13084
26410
18661
21058
1380
28319
8701
13823
6489
561
1207
17307
12323
17081
13709
26577
19312
6003
26012
2848
2440
24922
8497
19694
14114
31225
17888
547
2053
15731
31340
10492
16080
4203
21566
7809
14392
30448
7156
12426
19800
27195
31762
10745
21664
10146
21134
11618
12358
13274
24456
7433
21744
16955
8492
28059
735
6198
22083
5087
3951
25099
24254
17403
5255
15927
763
29641
9988
2514
4162
32
21763
12446
12953
30647
8272
28744
393
25840
28948
7888
22348
31297
6244
6355
16186
17377
27111
1289
4634
29629
14227
5844
13454
888
4583
27258
23906
17113
6879
31284
20292
30619
31072
983
2791
30276
3706
913
11349
4661
30090
10432
26563
28127
5098
24207
28629
4753
3166
10918
30952
18934
20030
16608
2723
31249
12237
15244
25227
16134
3814
27755
20537
11433
21201
13113
11534
1164
23959
13094
24400
17309
731
8533
14821
13663
30175
15119
32680
14611
20494
15081
23288
6160
21693
24795
14237
13034
28392
20943
7929
26074
4317
14281
31712
21339
7603
9357
1335
18071
22512
17691
31749
5608
30808
29972
27496
22594
2970
13761
11826
24333
1294
29934
10231
14465
6268
27818
23703
1350
25693
13653
25404
9913
16851
26689
5917
14800
12032
27056
25149
30000
15420
7565
3016
22472
11295
27393
5472
8116
4614
1926
26719
16384
10850
2748
23960
32332
27556
18699
1990
2092
26209
25467
6802
10875
30395
24583
19856
25552
2284
30258
13397
19838
17987
2114
12884
19840
26537
573
29405
11812
9800
3149
9009
5861
21143
9943
5686
29862
32196
25392
30486
9734
22752
31882
16776
15120
30994
6449
23617
18031
3975
29946
27558
8358
22395
8774
16495
5258
1145
28575
10127
14057
22107
21687
22103
10704
10346
4588
14192
16016
21605
27242
31439
20546
6679
4442
31895
19229
26492
1875
23605
9132
23902
15843
30447
878
16301
25488
26251
10029
10417
15205
9827
21983
20916
22455
5848
30096
4958
30829
16586
5753
25521
10687
30770
21229
3896
4333
20167
7584
13925
6435
11541
1551
14361
27483
25123
7640
9613
18593
1890
39
9146
32450
14370
1805
14814
17454
20903
31058
31845
20527
14928
28127
18197
399
3098
18523
20744
22034
28748
3467
20639
23063
32713
23626
9499
4104
5389
6856
3939
7198
10901
24134
27358
16777
8724
15930
4892
29327
9803
8762
12926
24076
17201
11505
6616
304
19865
11455
30849
21767
17706
30056
22532
13320
289
13533
7714
3167
12777
14236
2979
24697
3922
10253
13805
30663
27806
7834
21768
30334
24956
22276
28495
23427
16484
4650
28611
8340
12447
4559
2929
26899
29648
14074
1561
20683
9317
6576
26089
1104
5134
29652
31122
22922
24303
28495
15321
8042
18916
21091
6964
20591
6086
9134
31695
15448
11075
12788
28098
6628
2194
29286
2325
16942
7100
25301
11429
7132
3591
2999
31942
29915
28292
24752
29159
13875
32652
5332
3928
32214
7271
629
30154
16198
24609
1291
29916
5170
48
5705
636
25378
10995
9761
5826
29336
11289
9
22107
25584
7734
7822
13644
27064
2734
4299
20325
23038
1718
3061
7043
32147
7587
28148
23084
12793
11934
21608
12260
7230
19760
32336
16121
18377
12797
29948
19583
7298
23137
29623
1909
7332
7044
13343
26855
21233
9951
10175
22400
18111
19452
15934
16504
11234
9398
8685
13203
22829
20216
21298
16251
22733
24721
15873
20289
8811
24388
19195
8618
16293
14586
2240
7763
16401
32133
22589
19585
31366
29954
2503
765
9776
7069
3854
4088
22110
3320
20720
5040
22746
32578
22157
6150
24310
6022
15807
4860
13909
7767
3010
31118
9963
28121
5968
21532
20593
22383
15429
25886
6668
14650
11098
26254
29589
2336
32565
10760
18596
15521
19129
841
6631
10879
4855
21586
14899
19651
6656
22033
10538
10076
1591
20496
30215
2336
19602
23907
31169
25271
21184
7295
4169
2172
209
15222
17755
25076
28826
14735
10730
19301
5062
29407
15307
17216
2026
6716
29186
26408
25315
10567
7305
16820
2083
1606
22301
31676
4677
10942
21341
10680
2818
30143
14045
10034
3584
2089
14008
16405
2514
4346
31394
18712
7421
19275
9775
15947
2938
8006
12169
2135
31707
23268
26533
9883
4562
20247
18520
11790
5725
18796
16801
21066
11462
25078
22490
2017
5595
26856
29001
15525
14790
26327
12832
9288
6988
7772
14988
11576
30198
19780
816
23384
6985
3919
28910
965
10675
15331
2452
13950
29351
25588
30602
2154
21462
13528
17253
27069
27158
30821
22197
17041
23378
12923
31790
12516
32580
30582
9675
30991
28041
1778
19009
826
27160
31148
10155
7678
20471
26906
10744
12325
29799
25286
6232
2260
2982
14674
1372
5973
23234
22626
19020
305
30949
10396
5815
20182
3267
19514
20968
15594
20949
3225
13457
10670
17255
13442
7578
5073
4659
19168
13720
12650
1014
11480
31016
19368
2801
26159
15085
17707
17904
23119
6820
32483
12321
22515
20320
12456
4743
3358
30604
16533
18331
173
27157
11697
5152
14934
16533
16412
16123
6574
789
25248
11363
2119
666
20230
3937
12982
2109
4183
18253
18415
2879
19380
13687
26079
8492
16928
16856
22030
20404
4910
25682
3181
20617
29214
23198
32330
13355
15548
14731
24303
8506
13481
17172
6904
12909
434
22823
2889
11781
7463
1992
19440
32292
21493
30672
27394
29211
12003
9764
16145
25932
17859
31185
9349
28939
19550
17993
9414
19271
1317
27997
8611
25762
14227
12137
2873
15650
19886
18082
26114
16180
21949
11563
31379
15752
21222
25636
28641
28872
2321
15519
19682
1746
17909
485
28077
32192
4856
30520
23562
8650
14596
25039
13052
5461
4411
21075
16478
20379
17120
4090
30558
30347
18611
27073
31304
25954
25932
18719
2437
4622
4075
11237
408
22512
22678
10742
16711
30577
19515
24019
21724
22062
32482
28100
6915
15459
5099
3584
17252
28857
25007
8896
1745
11330
10168
11254
19534
27928
15384
23231
5658
11935
5740
7064
3389
807
13388
32426
20994
29483
31967
14956
23326
25384
1729
2878
9519
4494
29946
28013
16270
767
1446
7571
25447
27557
26159
28142
13651
20755
28420
22005
6543
16559
2545
11264
7798
2917
15401
14208
28790
32736
5791
15591
3700
6467
11450
19203
3344
2273
9071
27669
8970
26158
28683
27578
30833
10420
30675
9522
17942
23656
28468
17477
14905
16780
6352
3501
21277
15785
23127
8815
28619
11271
1753
17494
15071
14467
15266
26684
19175
85
16028
23941
24456
14572
29325
201
532
5571
12115
21062
1031
4724
6615
24421
23919
10049
30976
14611
18663
17060
31406
12172
10834
11067
25909
16025
20832
10758
20392
31765
74
3439
11459
29954
19173
14941
14810
13370
25074
6429
15604
12366
12768
14461
27328
5341
25645
567
20150
17968
19966
20565
9562
7334
9767
7133
16959
10240
155
22945
22772
20829
1216
27360
20912
27945
8131
19397
14399
15639
5068
25248
19761
1196
14417
32591
20244
10665
1969
15055
13057
25638
12707
31662
14708
16613
22993
27823
5640
10984
28015
12163
15943
22563
4710
1579
25953
20363
7724
4650
12367
19858
16923
8543
18266
3746
11927
19683
6107
32214
22043
28429
23151
28896
13522
10802
18347
30829
4328
25212
20167
24412
2975
10707
8092
14683
4749
11575
27295
23633
19506
14321
24443
20137
31413
22848
11317
5870
798
9720
3241
28711
20244
28719
23471
12461
6874
9105
3295
12285
28839
15795
32634
10938
5737
5712
14535
2683
2647
23549
17824
4572
22157
20099
18616
15298
876
22688
5278
8047
17441
14261
7739
25006
8292
24654
5674
9700
23046
17232
3265
4237
7326
4
11907
16200
10543
27634
25624
8475
10077
10787
29354
21600
4416
20454
7964
7760
20140
19953
20516
12995
2126
331
14617
22897
665
28672
14502
2178
27702
19042
19570
19185
31552
20998
17480
15328
30735
17547
15606
1688
27720
22681
23728
13707
6194
16482
20605
10607
4128
32086
9138
21475
30559
7571
14389
18440
13729
15355
26602
24012
16260
20684
11559
888
6803
2264
6617
27529
10379
30307
25218
2989
32121
32573
21489
23584
4052
28704
12310
30088
29001
5708
10273
3532
29377
11439
30599
27454
7539
19117
1369
12269
18142
22338
26310
23945
13506
19382
10121
9496
18974
19934
23097
31773
3489
23162
9371
2971
1469
23753
16672
23532
26155
10559
18660
8980
24109
23976
1717
20914
32422
10724
5522
26005
10924
30922
8840
10057
21705
22951
21391
19153
28394
26390
4751
29258
27236
14566
19816
19401
29005
13096
8568
29304
8671
15667
25251
23955
2126
6165
31659
32371
23318
11368
18196
14750
6510
15451
13715
9525
6926
28437
24748
27142
25676
10110
1426
19162
10494
2278
22083
12404
21580
28869
5180
10037
11069
1377
476
32256
13149
17837
25922
11430
28290
18336
6363
21156
14426
1659
31652
32198
8704
19310
31938
31417
2946
22402
31626
14422
29402
1609
18146
16634
31623
9615
11370
31730
4472
14035
16768
19343
15813
15351
24026
13087
19245
4399
8448
31407
13312
10977
20902
17681
701
22212
28540
16187
21064
23591
28057
30407
29242
2029
15721
32749
24438
21870
6021
25070
16575
32267
18842
17299
27327
17888
15870
2055
5757
23699
29529
30409
28900
7702
12376
10338
31148
26479
26858
17352
19324
4267
2140
8030
24274
27994
9481
4796
9430
31216
2095
13679
30426
5282
28134
26911
19187
19804
28416
25719
26012
30922
10269
32421
23590
18195
26345
14817
11044
10156
28704
32303
26556
16417
20101
7175
10857
11369
3234
2374
15692
9187
16588
22887
22482
30429
27769
13474
17691
9483
23969
2081
14872
3563
637
21564
23578
28895
30105
23603
2050
6969
29144
3436
19971
16155
23428
15128
19836
32474
7522
17796
10247
15603
15907
29459
8839
14687
19549
9100
16029
29138
3239
7392
7811
6859
14152
31598
24814
23607
2142
19989
21074
17661
28436
6472
21581
9534
17954
25317
13273
12287
12642
806
21082
26958
507
17819
1366
32441
23600
26601
25651
13442
18306
14954
25360
4764
21388
4515
5446
28964
4474
22015
16874
27810
19385
20988
6198
9962
8992
25958
18755
2642
2635
32559
6243
2374
32189
11695
4791
3350
20678
14344
4739
29554
29934
2532
31289
6796
17205
17764
11998
4259
1059
3526
18702
1079
15666
4049
14232
3800
10201
29655
9745
25884
10227
16287
26020
23270
7445
15660
21982
977
972
15890
24260
1060
2448
2437
30043
26471
30635
28167
24362
1597
12065
20021
30987
11725
22801
4796
10543
22456
27874
12885
23499
21011
16126
31495
30123
15266
28813
30393
1885
12571
21087
10161
16222
29919
6804
28728
8533
15156
11893
17223
25590
6576
14190
15030
1756
24862
17324
25090
13622
26069
20652
27519
25041
27385
20348
8241
13483
2537
30774
10600
25021
1948
7095
21933
21637
5720
4178
12603
17193
728
22485
13540
14341
16521
13012
27883
28612
12582
32448
19416
3589
24752
31260
25624
8692
16188
23437
32187
16413
9933
3647
27733
5672
13325
24509
11151
20704
9543
30955
8126
29855
5043
7536
25157
25521
28613
25232
16467
15863
12742
22543
1280
2232
11430
31543
20134
9495
24983
15869
2496
1895
6047
29080
14919
24831
21214
32180
32569
550
5136
31467
12930
8420
2371
2274
12825
28046
3444
3570
15845
27951
32098
30720
26728
30149
1160
5048
24336
24532
5556
8423
18794
3183
18323
28821
11599
16000
17875
4817
10386
31161
29790
26598
26493
8483
17089
19049
2549
27397
595
31989
10164
28502
23175
4162
22226
6570
13122
5042
32320
7960
7620
5201
22687
17482
26971
13196
23145
16231
10660
30944
12571
21840
200
28441
18296
31023
198
8064
9715
12536
27507
4848
9357
20767
387
10853
13932
17786
28027
24117
7621
5313
10283
17616
4504
6097
30924
10097
19741
32135
27551
25828
9109
10127
18025
28685
2476
13343
8931
22911
4181
9312
27603
2339
2970
32425
521
5764
4721
3986
19247
3052
11117
1091
23829
21032
21639
1092
23674
2172
8988
12404
32582
9652
31649
170
28294
27955
22374
24811
1354
1084
14629
10990
7686
18787
20475
10272
18640
31196
23245
11302
24915
11701
9451
3909
3101
17899
28469
23531
10075
3272
18401
25112
13296
668
13662
5892
10288
7813
12198
12048
32358
11432
11729
15274
9676
26806
3183
18010
17719
32113
17339
26096
31608
12110
19316
8770
31209
10773
9375
9913
31331
12015
20563
17246
10855
14846
32008
4049
12764
9257
27327
11054
31873
18295
28880
3989
25014
16886
12014
16251
11999
7342
17763
14022
30052
23020
30559
296
19918
16306
21659
8933
1579
6318
30308
8394
27274
8180
32412
26546
777
22795
24053
7081
17250
14262
28989
29253
15561
12394
17481
11151
27469
5119
15227
63
13495
30430
3015
29687
8044
21884
17269
25997
11399
11651
13488
30490
6384
23787
21876
31580
5601
17796
7968
32073
18922
30066
8830
12941
8215
27246
25551
14640
5005
28537
9450
25680
17033
4654
2601
4969
9296
15994
399
7002
16945
13647
541
10220
19583
19526
7145
12337
20691
12791
26697
8155
14264
21589
13273
13073
1124
31759
15080
12836
6605
14714
869
15857
1292
23867
17923
13699
32145
26784
29441
26906
28767
9972
11643
20052
1047
31487
6899
15585
4154
22892
6991
25290
713
27205
26656
6897
9156
25005
14517
8188
3842
18749
23308
14774
6441
12644
14457
31299
9593
4978
30525
27748
13933
4851
22823
13191
15400
17989
6599
4623
20471
15418
25983
4557
11540
5642
3404
9826
19262
17045
22963
4275
2179
12683
21011
3702
19490
12956
29678
30778
32022
9886
12456
23605
2930
11795
5800
25458
9306
6684
19835
25322
29973
4766
830
24951
8752
9699
5143
5971
19559
19371
4956
31570
9647
20302
28762
21987
13620
4628
14251
2349
31212
10403
27711
18837
8169
31736
8781
24928
29993
20476
26786
19924
14184
24416
9117
3044
13548
7731
18343
17928
3845
10754
24511
17549
13703
30774
32529
1332
28464
28882
9081
14000
29573
21867
10549
47
16205
6607
16084
31894
25989
11640
19184
9470
11051
8819
27653
3408
15608
8215
9512
20929
17071
9598
26923
25444
31824
18779
2132
1468
29220
25180
2885
18130
4377
21743
16533
1785
20921
10460
12545
17653
16498
723
20692
22278
27299
11153
7122
189
21631
28682
21353
29008
12397
23414
21960
9664
6457
5592
30414
28046
3317
3917
27325
26800
22318
4567
11488
16590
32137
22830
23366
8090
6826
27046
17183
30621
24509
3294
20461
7310
13768
7304
14980
25539
11352
6483
13111
5402
3054
30062
21853
22559
32511
30712
30965
285
21813
12309
29100
11541
26874
5169
31071
31613
10299
9094
26269
26658
11695
11658
26231
20269
14550
17573
15224
255
10041
22317
565
31505
23108
29477
11944
24288
12730
22287
23552
5951
29485
9099
9034
18520
7114
18259
31730
9747
12838
6295
11196
8259
14999
31851
611
31653
28940
32438
1993
27228
24616
21105
25145
1559
21972
23531
3272
12774
4691
9274
31893
24879
24386
26281
3675
3307
214
20134
1072
16363
11269
30259
32295
5791
22812
17061
12050
22087
27334
24302
6435
23376
13873
18555
23831
3586
414
11569
6371
20608
2899
14011
31150
28828
7018
20748
32636
5001
1980
32633
32625
20816
27041
28045
13417
18787
4623
5698
9214
24901
2304
7677
18681
6662
6637
20795
21146
30903
6048
9103
23246
25059
7736
2063
15401
32614
11018
3615
10976
21492
26235
21251
25312
32489
29853
4685
8074
26349
3591
27863
10319
2391
749
24494
2086
2048
7978
22993
1066
16074
11908
26980
6319
11711
7452
5771
10850
23619
24723
13240
13294
1432
31508
12535
1804
24153
526
22829
15024
5740
7942
20003
5763
25173
419
6543
13959
21175
11905
16174
16488
4118
32563
25970
22166
13540
1105
26621
31708
30553
19235
30910
21733
8230
19752
23083
9102
27359
2075
13986
31425
24698
27155
9902
7
992
23984
6535
6820
17471
22273
2231
11986
6241
19071
10628
30245
27108
29694
11346
11485
3814
17444
3015
9853
31798
12182
29498
27309
6643
29604
23921
15876
14277
12516
14953
28893
1527
31939
11388
31049
13280
16328
17119
15198
25600
24253
263
30252
2480
18889
41
4617
31702
7405
2480
1920
5101
545
12060
17660
4076
32220
7514
23481
8618
15217
14160
21307
7585
20291
25842
19756
5819
14753
31182
8734
25715
15716
8111
21066
5174
23147
20350
3083
7793
27743
5194
9330
25488
4875
6605
11507
29848
8684
25006
21443
32467
24990
26632
29477
22919
28151
428
7813
12392
28845
21501
6879
5380
24756
28695
651
25862
19288
22602
23341
27370
31886
2288
7980
27186
8374
747
10905
26600
12943
20471
7747
29660
13528
1665
8727
32404
22433
29766
31414
25497
15866
19670
9416
16233
8527
606
6923
27632
3165
19738
4866
5647
22613
22316
22143
19018
31558
2131
28446
5762
4021
1683
6968
29169
18867
11920
31386
1179
20128
2017
3048
8886
6441
3925
29178
24677
15323
6857
2964
1444
28990
6072
11767
25049
30972
30551
19923
2648
17985
16583
4223
28265
31779
31573
8734
24427
8588
28826
17392
13037
22160
10163
20646
125
10762
28837
29490
11366
30373
24675
32575
29773
27482
15302
16643
2591
5084
310
13508
30082
23081
1674
25886
29598
4887
31273
12690
24693
13354
1066
30120
23811
20968
17847
29575
24740
31293
2760
871
13349
26429
11165
23572
30780
25414
22881
20282
20770
2037
25242
3783
7226
17958
25085
32621
13501
24027
17324
16110
16298
6490
6803
23368
16151
16287
24898
17096
18558
18133
30507
13162
10566
22553
29932
25257
2174
12915
20415
15736
11325
27541
13829
31429
29908
29083
5193
18825
24474
2422
19411
9710
30385
21140
20886
22500
31433
6340
11686
18407
20366
29172
10581
13704
17146
20018
25452
28098
11135
15557
32719
26102
4220
14844
14661
6850
7215
24017
16881
16596
30186
15421
6282
14408
22245
13465
17915
18887
13243
20007
22741
32592
12339
5229
26997
26918
17054
11941
31614
20980
28589
10815
11995
19445
24383
8432
25620
7029
13905
1936
15745
20896
8667
2944
16464
27987
20975
28943
17972
3596
19506
26098
29181
12274
30786
12131
28435
1641
6234
1111
28010
23872
1046
16536
2342
28501
29402
28261
7870
23532
28423
26813
29217
21192
10932
4381
2266
12709
25190
16425
9469
9281
16825
14668
28715
25313
22954
32235
7079
27080
10177
25998
1020
30390
28931
23778
17547
16442
19253
7712
6328
13613
6791
6659
28223
8529
2429
8491
9653
22193
5235
10816
11258
29191
10684
20986
22760
31484
6926
26281
21815
32702
11377
31127
13093
24086
28834
3368
25376
12970
23146
1868
16199
25043
30220
5225
3623
23562
7573
8084
5856
8810
11884
29046
11866
9908
20012
26621
1756
27781
10348
3445
256
20571
16054
7779
18078
2927
26526
18955
5592
29229
29031
10789
21533
1459
2173
4859
18088
16175
347
30136
10099
32481
31098
6999
15223
16108
27166
32560
4203
5319
17335
1266
7691
10987
30758
11815
12420
11963
32193
20583
16153
13681
19601
7571
9211
21876
8963
5218
4019
8197
32452
10252
3131
18919
10804
6774
29042
10312
1642
9456
20055
12721
21883
8247
32727
29076
14404
25852
30714
20358
22168
6897
5479
12770
16476
7371
23884
24118
436
31881
28410
2171
9222
2998
8791
17577
26943
6158
28632
1268
30282
19889
610
31098
23932
25708
10485
1272
2333
26243
18377
3212
27147
31699
26110
12114
1521
13548
1742
27951
3113
22077
8851
29387
30768
7219
19937
9045
31730
23973
27197
3919
29696
21159
7657
21057
853
6763
17827
20434
9193
25470
7423
31570
32005
22100
30581
15253
10190
4772
5671
5967
13862
13513
27537
9502
20429
28918
30852
15542
3316
24233
23264
7560
23918
3939
10376
10666
18199
90
18037
29336
5550
24436
5519
10194
14864
30833
3166
32287
3683
28622
9871
24789
55
13722
30893
11551
16772
21253
12326
22999
5336
25103
21835
17731
4283
8047
18103
27775
20975
6994
6895
3869
988
5716
24308
13328
27124
5250
1502
11179
11446
8464
20328
1280
6220
8670
28895
31659
15030
29338
25979
9633
25284
19446
30959
7992
26862
15349
24685
7764
26301
10495
3110
13355
4336
525
17612
6081
19547
23251
9818
6611
19709
17278
6887
23965
6751
12323
7683
8295
13346
15557
19125
15483
17677
1862
970
10957
23193
14683
26560
4383
29371
12601
14178
26921
24848
53
24445
32742
4205
13134
29712
29365
32068
2615
7336
27318
28945
26103
14194
9569
1666
20746
21013
23531
20950
3917
1279
20926
12396
9443
16257
15583
15898
14253
10427
22968
16049
6055
25296
20084
28017
5906
15285
2195
7181
11271
10329
31272
22092
6540
19629
2741
24361
5891
19605
12854
20405
6502
12157
3002
26587
589
16862
14138
15523
3447
5564
8532
24369
24097
3223
14824
23408
2585
13081
18799
1256
28937
10324
28489
29665
4943
20465
25126
21675
29691
10373
19969
15948
24208
19615
8705
11712
10610
26375
19228
32342
17089
14338
14066
18300
32233
13125
3315
27601
13523
15303
21166
23835
24642
5186
10884
9255
20369
16609
2759
7026
8342
20519
11756
32494
1303
20166
4869
31478
17388
3013
12377
16397
14442
18394
30882
20647
23397
29847
1553
16891
7628
17824
9403
67
3397
1976
4347
21150
24613
30494
3214
23142
7785
10326
28728
7487
10795
1023
5646
20735
27312
22561
25416
7189
20895
5860
22323
19604
23236
1070
22317
11252
837
20866
30366
3307
1488
30937
13349
31886
28156
3311
5122
8077
19872
12067
8806
14288
2953
26781
16082
5790
25518
17921
7276
23254
17790
19119
8648
19088
17814
6703
17732
23299
21721
5093
10664
4406
24430
3831
6515
20902
23241
27093
3538
29859
8859
14962
12499
2243
20756
6628
16670
5240
32629
18377
26632
25455
4278
14177
29059
31733
20593
488
26623
15437
19743
14198
23815
22392
25882
6447
8683
29852
671
27964
25207
5062
31630
22174
30298
3691
30328
26776
21614
4538
5841
3835
24012
19543
1831
23116
13599
14536
16528
18537
2389
29047
11073
16320
8559
21210
25815
9486
4554
23503
7568
14603
20952
15370
5668
17689
27640
21479
21707
2992
14228
4274
10342
29395
30826
3069
1408
29847
23697
9305
12660
2860
9516
26952
3237
3016
19637
11258
7512
13614
14369
20965
16722
7245
28386
9763
9496
6919
30823
22987
19497
29411
21585
11122
5723
30449
3392
18788
17123
17881
9387
29154
31358
26283
2298
6212
26249
30888
28017
28037
19353
6103
13948
5740
731
7631
15152
6398
1502
32741
24511
7861
3418
14684
765
4207
1006
29167
25578
19660
17024
26299
696
18734
13466
1291
4963
20814
8099
9274
24223
20704
22663
23964
26746
7800
14335
9918
25254
7781
5692
3110
21271
18421
875
14407
28190
7971
21277
21507
28147
4169
25913
17305
12317
19246
24531
19634
5081
15947
18883
20395
31547
10946
9881
28674
27507
30022
22805
19787
5909
22427
10734
18382
8229
27181
23892
14719
5648
9388
16962
3492
7785
28775
6979
14111
22011
13986
10493
12016
19004
30910
31599
25126
29159
30678
32625
18456
17940
15580
660
16198
3027
29188
8261
18715
221
29162
14230
18981
29855
14440
10677
5668
24960
31948
13758
17642
22733
11444
20300
5783
1662
17003
18826
2929
14469
2395
8579
17692
12291
20132
5811
19650
4456
15290
6597
29472
2834
11341
26073
11591
16557
14493
22885
4693
13365
26834
22624
29738
17417
5530
10748
30369
26683
24052
24811
1669
8153
20928
28073
8986
31096
31762
32521
4789
20768
22581
19911
21605
16404
28578
23694
28280
20939
26387
5766
6948
23529
7215
2829
19009
21950
9525
19950
30925
15970
1916
16388
31802
1836
20814
13520
4491
4839
28484
3635
17811
10423
5354
27
9607
15447
25610
14992
5244
9184
9653
14626
9277
15878
25483
27513
25954
10809
32690
21317
19519
1741
3397
4224
1506
12265
8893
9613
27124
13463
11162
358
7157
9713
24037
5794
26584
1799
27666
29375
29656
31426
21298
27073
683
22427
16683
32459
14129
1951
32301
15116
5153
3559
2128
8417
20453
12605
10202
22978
1677
9799
11872
8733
22835
8763
21109
20212
9220
434
11607
5546
8577
9693
18332
32523
4980
21757
23945
9017
24420
18830
4937
29902
30273
11847
13567
32290
23656
2999
22053
1090
14550
9933
12136
1973
30730
32336
31165
5117
18598
30691
14630
15138
1395
25548
28938
31584
574
18795
6135
8618
9828
27843
20437
1087
18872
12375
27570
11610
26088
23786
9075
15975
24638
29620
427
30981
30006
32212
5986
29597
10484
20167
21788
3045
3412
26114
4152
10881
12266
1703
14141
24405
6121
15028
1902
18133
25982
18923
14700
1363
25051
13068
4747
30138
8388
28895
5100
28174
14869
17142
8223
13386
7000
21702
25541
27446
32530
29791
5408
24359
14649
5274
14911
12131
15775
5424
5403
22893
3861
15848
6250
10290
9042
148
24520
31122
14738
28713
4434
12681
10055
27151
20078
2734
14352
12584
27966
16517
27529
12506
7076
20651
7529
18678
18580
17548
31170
25088
16368
7654
2338
7139
18638
7447
7576
12252
19899
10417
31647
6400
8720
8853
16205
17731
22309
28486
14290
29620
18386
24838
16668
31512
2091
6306
1237
32466
17197
17082
450
5773
16298
24773
16913
8123
18742
2487
18126
22208
4549
16102
24661
28682
19452
5710
